DOM,date,time(s),timeslice(s),RunNumber,yaw,pitch,roll,aX,aY,aZ,gX,gY,gZ,hX,hY,hZ,Temp,Humid
1,2021-02-02,15:51:33,1612281093.5,4646,176.67218017578125,-54.457279205322266,-0.02972317300736904,6.710764409945114e-06,0.0,1.5293094345834496e+16,3.8316127630366864e-17,-1100.9908447265625,-0.08294584602117538,0.08787878602743149,-1.3815733918521675e+20,0.11515151709318161,39.49,13.41
1,2021-02-02,15:51:34,1612281094.5,4646,176.67218017578125,-54.457279205322266,-0.02972317300736904,0.0006935811252333224,1.401298464324817e-44,1.580595106489041e+18,3.8316127630366864e-17,2114.310302734375,0.1593347042798996,0.09090909361839294,-1.3713394015036192e+20,0.11181817948818207,39.49,13.36
1,2021-02-02,15:51:35,1612281095.5,4646,176.67218017578125,-54.457279205322266,-0.02972317300736904,5.375249747885391e-05,4.666323886201641e-43,1.2249604069471027e+17,1.3182463920805444e-17,-1101.4752197265625,-0.08294584602117538,0.08696969598531723,-1.3508716846893131e+20,0.11515151709318161,39.48,13.36
1,2021-02-02,15:51:36,1612281096.5,4646,176.67218017578125,-54.457279205322266,-0.02972317300736904,5.0176378863397986e-05,1.3319341903407386e-41,1.1434644332976538e+17,-8.735111310110208e-17,-7533.10791015625,-0.5674933195114136,0.0918181836605072,-1.3815733918521675e+20,0.11272727698087692,39.48,13.41
1,2021-02-02,15:51:37,1612281097.5,4646,176.67218017578125,-54.457279205322266,-0.02972317300736904,0.00034375599352642894,7.373632519277187e-42,7.833821061421466e+17,-1.3761843555714124e-16,-4317.01904296875,-0.32522639632225037,0.0875757560133934,-1.4020411086664735e+20,0.11393939703702927,39.52,13.41
1,2021-02-02,15:51:38,1612281098.5,4646,176.67218017578125,-54.457279205322266,-0.02972317300736904,0.0006901107844896615,0.0,1.572686594228355e+18,1.3182463920805444e-17,-1101.9598388671875,-0.08294584602117538,0.08878787606954575,-1.3508716846893131e+20,0.11272727698087692,39.52,13.41
1,2021-02-02,15:51:39,1612281099.5,4646,176.67218017578125,-54.457279205322266,-0.02972317300736904,0.0006899995496496558,4.570895460781121e-41,1.5724331567981527e+18,-1.1951198961575362e-17,-1101.4752197265625,-0.08294584602117538,0.08666666597127914,-1.3866903430459766e+20,0.11515151709318161,39.51,13.41
1,2021-02-02,15:51:40,1612281100.5,4646,176.67218017578125,-54.457279205322266,-0.02972317300736904,5.3650292102247477e-05,2.802596928649634e-44,1.222631160283136e+17,-1.1951198961575362e-17,-1100.7484130859375,-0.08294584602117538,0.08909090608358383,-1.3764564406583584e+20,0.11575757712125778,39.51,13.41
1,2021-02-02,15:51:41,1612281101.5,4646,176.67218017578125,-54.457279205322266,-0.02972317300736904,0.00017175922403112054,1.3371189946587404e-41,3.914203670522102e+17,1.3182463920805444e-17,-1101.717529296875,-0.08294584602117538,0.08787878602743149,-1.3713394015036192e+20,0.11515151709318161,39.48,13.41
1,2021-02-02,15:51:42,1612281102.5,4646,176.67218017578125,-54.457279205322266,-0.02972317300736904,0.0008870010497048497,3.797518838320254e-42,2.021377910631301e+18,1.3182463920805444e-17,-1101.4752197265625,-0.08294584602117538,0.08818181604146957,-1.4020411086664735e+20,0.11515151709318161,39.48,13.41
1,2021-02-02,15:51:43,1612281103.5,4646,176.67218017578125,-54.457279205322266,-0.02972317300736904,7.82310962677002e-07,0.0,1782800659251200.0,-1.1951198961575362e-17,-10749.13671875,-0.809773862361908,0.0875757560133934,-1.3866903430459766e+20,0.11575757712125778,39.47,13.41
1,2021-02-02,15:51:44,1612281104.5,4646,176.67218017578125,-54.457279205322266,-0.02972317300736904,5.0094095058739185e-05,3.805926629106203e-42,1.141589336475566e+17,1.3182463920805444e-17,-4317.74609375,-0.32522639632225037,0.0896969735622406,-1.4020411086664735e+20,0.11454545706510544,39.47,13.41
1,2021-02-02,15:51:45,1612281105.5,4646,176.67218017578125,-54.457279205322266,-0.02972317300736904,0.0007081062067300081,1.4747265038554375e-41,1.6136963163600978e+18,-1.627510280678094e-16,-1101.717529296875,-0.08294584602117538,0.08787878602743149,-1.3969242454335947e+20,0.11424242705106735,39.46,13.41
1,2021-02-02,15:51:46,1612281106.5,4646,176.67218017578125,-54.457279205322266,-0.02972317300736904,2.683431375771761e-05,5.49463140846404e-41,6.115244873508454e+16,-1.8788469260455143e-16,-13965.1640625,-1.0520544052124023,0.08636363595724106,-1.3866903430459766e+20,0.11575757712125778,39.46,13.41
1,2021-02-02,15:51:47,1612281107.5,4646,176.67218017578125,-54.457279205322266,-0.02972317300736904,0.000459133560070768,3.056231950692426e-41,1.0463149187619881e+18,1.3182463920805444e-17,2114.794921875,0.1593347042798996,0.09030303359031677,-1.4225089134417098e+20,0.11606060713529587,39.44,13.41
1,2021-02-02,15:51:48,1612281108.5,4646,176.67218017578125,-54.457279205322266,-0.02972317300736904,3.9116912375902757e-07,3.0915446719934114e-41,891431468138496.0,1.3182463920805444e-17,-7532.86572265625,-0.5674933195114136,0.09121212363243103,-1.3611055870769313e+20,0.11727272719144821,39.44,13.41
1,2021-02-02,15:51:49,1612281109.5,4646,176.67218017578125,-54.457279205322266,-0.02972317300736904,0.00022183675901032984,4.5725770189383106e-41,5.055415651171041e+17,3.8316127630366864e-17,-4317.26123046875,-0.32522639632225037,0.08666666597127914,-1.3815733918521675e+20,0.11363636702299118,39.46,13.41
1,2021-02-02,15:51:50,1612281110.5,4646,176.67218017578125,-54.457279205322266,-0.02972317300736904,0.000225316034629941,1.4300250828434758e-41,5.1347048706238054e+17,-8.735111310110208e-17,-7533.83447265625,-0.5674933195114136,0.0896969735622406,-1.3559886358831222e+20,0.11575757712125778,39.46,13.41
1,2021-02-02,15:51:51,1612281111.5,4646,176.67218017578125,-54.457279205322266,-0.02972317300736904,0.0008068542229011655,0.0,1.838731986827477e+18,1.3182463920805444e-17,-7533.10791015625,-0.5674933195114136,0.09060606360435486,-1.3713394015036192e+20,0.11090908944606781,39.48,13.41
1,2021-02-02,15:51:52,1612281112.5,4646,176.67218017578125,-54.457279205322266,-0.02972317300736904,1.3885152839065995e-05,2.389494141366678e-41,3.1642737761583104e+16,8.858237475160971e-17,-1101.717529296875,-0.08294584602117538,0.09030303359031677,-1.3969242454335947e+20,0.11181817948818207,39.48,13.41
1,2021-02-02,15:51:53,1612281113.5,4646,176.67218017578125,-54.457279205322266,-0.02972317300736904,0.000459331669844687,1.5103194848492878e-41,1.0467664057241436e+18,-1.8788469260455143e-16,-10749.13671875,-0.809773862361908,0.09000000357627869,-1.4020411086664735e+20,0.11303030699491501,39.47,13.41
1,2021-02-02,15:51:54,1612281114.5,4646,176.67218017578125,-54.457279205322266,-0.02972317300736904,0.0004685060412157327,5.419802070469095e-41,1.0676737567652577e+18,-1.124847710203992e-16,-1101.2330322265625,-0.08294584602117538,0.08696969598531723,-1.3713394015036192e+20,0.11606060713529587,39.47,13.41
1,2021-02-02,15:51:55,1612281115.5,4646,176.67218017578125,-54.457279205322266,-0.02972317300736904,0.0004577714134939015,1.8735360468022804e-42,1.0432107225588695e+18,-8.735111310110208e-17,-4317.01904296875,-0.32522639632225037,0.0875757560133934,-1.3866903430459766e+20,0.1175757572054863,39.51,13.41
1,2021-02-02,15:51:56,1612281116.5,4646,176.67218017578125,-54.457279205322266,-0.02972317300736904,5.5438882554881275e-05,3.0382953303490684e-41,1.2633910871169434e+17,-3.708485936241433e-17,-10748.6513671875,-0.809773862361908,0.0896969735622406,-1.3764564406583584e+20,0.11484848707914352,39.51,13.41
1,2021-02-02,15:51:57,1612281117.5,4646,176.67218017578125,-54.457279205322266,-0.02972317300736904,2.15685686271172e-05,2.8558462702939772e-42,4.915239600940646e+16,3.8316127630366864e-17,-10749.13671875,-0.809773862361908,0.08787878602743149,-1.3713394015036192e+20,0.11575757712125778,39.52,13.41
1,2021-02-02,15:51:58,1612281118.5,4646,176.67218017578125,-54.457279205322266,-0.02972317300736904,0.0006866700132377446,5.731871238474232e-41,1.5648454270548705e+18,-1.1951198961575362e-17,-7533.10791015625,-0.5674933195114136,0.0896969735622406,-1.3918072942397856e+20,0.11575757712125778,39.52,13.41
1,2021-02-02,15:51:59,1612281119.5,4646,176.67218017578125,-54.457279205322266,-0.02972317300736904,2.706691475395928e-07,5.400043762122115e-41,616825217875968.0,-8.735111310110208e-17,-10750.10546875,-0.809773862361908,0.0875757560133934,-1.3764564406583584e+20,0.11454545706510544,39.51,13.41
1,2021-02-02,15:52:00,1612281120.5,4646,176.67218017578125,-54.457279205322266,-0.02972317300736904,1.9634180148386804e-07,5.708329424273575e-41,447441371398144.0,-1.3761843555714124e-16,-1101.9598388671875,-0.08294584602117538,0.09000000357627869,-1.3866903430459766e+20,0.11575757712125778,39.51,13.41
1,2021-02-02,15:52:01,1612281121.5,4646,176.67218017578125,-54.457279205322266,-0.02972317300736904,0.0006866455078125,4.566551435541714e-41,1.564789626839761e+18,-8.735111310110208e-17,-17181.73828125,-1.2943212985992432,0.08848484605550766,-1.3508716846893131e+20,0.11575757712125778,39.49,13.41
2,2021-02-02,15:51:33,1612281093.5,4646,0.0,0.0,0.0,0.0,0.0,0.0,0.0,0.0,0.0,0.0,0.0,0.0,40.37,13.59
2,2021-02-02,15:51:34,1612281094.5,4646,0.0,0.0,0.0,0.0,0.0,0.0,0.0,0.0,0.0,0.0,0.0,0.0,40.37,13.59
2,2021-02-02,15:51:35,1612281095.5,4646,0.0,0.0,0.0,0.0,0.0,0.0,0.0,0.0,0.0,0.0,0.0,0.0,40.38,13.59
2,2021-02-02,15:51:36,1612281096.5,4646,0.0,0.0,0.0,0.0,0.0,0.0,0.0,0.0,0.0,0.0,0.0,0.0,40.38,13.63
2,2021-02-02,15:51:37,1612281097.5,4646,0.0,0.0,0.0,0.0,0.0,0.0,0.0,0.0,0.0,0.0,0.0,0.0,40.37,13.63
2,2021-02-02,15:51:38,1612281098.5,4646,0.0,0.0,0.0,0.0,0.0,0.0,0.0,0.0,0.0,0.0,0.0,0.0,40.37,13.63
2,2021-02-02,15:51:39,1612281099.5,4646,0.0,0.0,0.0,0.0,0.0,0.0,0.0,0.0,0.0,0.0,0.0,0.0,40.33,13.63
2,2021-02-02,15:51:40,1612281100.5,4646,0.0,0.0,0.0,0.0,0.0,0.0,0.0,0.0,0.0,0.0,0.0,0.0,40.33,13.63
2,2021-02-02,15:51:41,1612281101.5,4646,0.0,0.0,0.0,0.0,0.0,0.0,0.0,0.0,0.0,0.0,0.0,0.0,40.39,13.63
2,2021-02-02,15:51:42,1612281102.5,4646,0.0,0.0,0.0,0.0,0.0,0.0,0.0,0.0,0.0,0.0,0.0,0.0,40.39,13.63
2,2021-02-02,15:51:43,1612281103.5,4646,0.0,0.0,0.0,0.0,0.0,0.0,0.0,0.0,0.0,0.0,0.0,0.0,40.43,13.63
2,2021-02-02,15:51:44,1612281104.5,4646,0.0,0.0,0.0,0.0,0.0,0.0,0.0,0.0,0.0,0.0,0.0,0.0,40.43,13.63
2,2021-02-02,15:51:45,1612281105.5,4646,0.0,0.0,0.0,0.0,0.0,0.0,0.0,0.0,0.0,0.0,0.0,0.0,40.42,13.63
2,2021-02-02,15:51:46,1612281106.5,4646,0.0,0.0,0.0,0.0,0.0,0.0,0.0,0.0,0.0,0.0,0.0,0.0,40.42,13.59
2,2021-02-02,15:51:47,1612281107.5,4646,0.0,0.0,0.0,0.0,0.0,0.0,0.0,0.0,0.0,0.0,0.0,0.0,40.42,13.59
2,2021-02-02,15:51:48,1612281108.5,4646,0.0,0.0,0.0,0.0,0.0,0.0,0.0,0.0,0.0,0.0,0.0,0.0,40.42,13.59
2,2021-02-02,15:51:49,1612281109.5,4646,0.0,0.0,0.0,0.0,0.0,0.0,0.0,0.0,0.0,0.0,0.0,0.0,40.43,13.59
2,2021-02-02,15:51:50,1612281110.5,4646,0.0,0.0,0.0,0.0,0.0,0.0,0.0,0.0,0.0,0.0,0.0,0.0,40.43,13.59
2,2021-02-02,15:51:51,1612281111.5,4646,0.0,0.0,0.0,0.0,0.0,0.0,0.0,0.0,0.0,0.0,0.0,0.0,40.4,13.59
2,2021-02-02,15:51:52,1612281112.5,4646,0.0,0.0,0.0,0.0,0.0,0.0,0.0,0.0,0.0,0.0,0.0,0.0,40.4,13.59
2,2021-02-02,15:51:53,1612281113.5,4646,0.0,0.0,0.0,0.0,0.0,0.0,0.0,0.0,0.0,0.0,0.0,0.0,40.43,13.59
2,2021-02-02,15:51:54,1612281114.5,4646,0.0,0.0,0.0,0.0,0.0,0.0,0.0,0.0,0.0,0.0,0.0,0.0,40.43,13.59
2,2021-02-02,15:51:55,1612281115.5,4646,0.0,0.0,0.0,0.0,0.0,0.0,0.0,0.0,0.0,0.0,0.0,0.0,40.43,13.59
2,2021-02-02,15:51:56,1612281116.5,4646,0.0,0.0,0.0,0.0,0.0,0.0,0.0,0.0,0.0,0.0,0.0,0.0,40.43,13.59
2,2021-02-02,15:51:57,1612281117.5,4646,0.0,0.0,0.0,0.0,0.0,0.0,0.0,0.0,0.0,0.0,0.0,0.0,40.42,13.59
2,2021-02-02,15:51:58,1612281118.5,4646,0.0,0.0,0.0,0.0,0.0,0.0,0.0,0.0,0.0,0.0,0.0,0.0,40.42,13.59
2,2021-02-02,15:51:59,1612281119.5,4646,0.0,0.0,0.0,0.0,0.0,0.0,0.0,0.0,0.0,0.0,0.0,0.0,40.44,13.59
2,2021-02-02,15:52:00,1612281120.5,4646,0.0,0.0,0.0,0.0,0.0,0.0,0.0,0.0,0.0,0.0,0.0,0.0,40.44,13.59
2,2021-02-02,15:52:01,1612281121.5,4646,0.0,0.0,0.0,0.0,0.0,0.0,0.0,0.0,0.0,0.0,0.0,0.0,40.44,13.59
3,2021-02-02,15:51:33,1612281093.5,4646,0.0,0.0,0.0,0.0,0.0,0.0,0.0,0.0,0.0,0.0,0.0,0.0,39.93,13.59
3,2021-02-02,15:51:34,1612281094.5,4646,0.0,0.0,0.0,0.0,0.0,0.0,0.0,0.0,0.0,0.0,0.0,0.0,39.93,13.59
3,2021-02-02,15:51:35,1612281095.5,4646,0.0,0.0,0.0,0.0,0.0,0.0,0.0,0.0,0.0,0.0,0.0,0.0,39.93,13.59
3,2021-02-02,15:51:36,1612281096.5,4646,0.0,0.0,0.0,0.0,0.0,0.0,0.0,0.0,0.0,0.0,0.0,0.0,39.94,13.59
3,2021-02-02,15:51:37,1612281097.5,4646,0.0,0.0,0.0,0.0,0.0,0.0,0.0,0.0,0.0,0.0,0.0,0.0,39.94,13.59
3,2021-02-02,15:51:38,1612281098.5,4646,0.0,0.0,0.0,0.0,0.0,0.0,0.0,0.0,0.0,0.0,0.0,0.0,39.94,13.59
3,2021-02-02,15:51:39,1612281099.5,4646,0.0,0.0,0.0,0.0,0.0,0.0,0.0,0.0,0.0,0.0,0.0,0.0,39.94,13.59
3,2021-02-02,15:51:40,1612281100.5,4646,0.0,0.0,0.0,0.0,0.0,0.0,0.0,0.0,0.0,0.0,0.0,0.0,39.93,13.59
3,2021-02-02,15:51:41,1612281101.5,4646,0.0,0.0,0.0,0.0,0.0,0.0,0.0,0.0,0.0,0.0,0.0,0.0,39.93,13.59
3,2021-02-02,15:51:42,1612281102.5,4646,0.0,0.0,0.0,0.0,0.0,0.0,0.0,0.0,0.0,0.0,0.0,0.0,39.92,13.59
3,2021-02-02,15:51:43,1612281103.5,4646,0.0,0.0,0.0,0.0,0.0,0.0,0.0,0.0,0.0,0.0,0.0,0.0,39.92,13.59
3,2021-02-02,15:51:44,1612281104.5,4646,0.0,0.0,0.0,0.0,0.0,0.0,0.0,0.0,0.0,0.0,0.0,0.0,39.93,13.59
3,2021-02-02,15:51:45,1612281105.5,4646,0.0,0.0,0.0,0.0,0.0,0.0,0.0,0.0,0.0,0.0,0.0,0.0,39.93,13.61
3,2021-02-02,15:51:46,1612281106.5,4646,0.0,0.0,0.0,0.0,0.0,0.0,0.0,0.0,0.0,0.0,0.0,0.0,39.95,13.61
3,2021-02-02,15:51:47,1612281107.5,4646,0.0,0.0,0.0,0.0,0.0,0.0,0.0,0.0,0.0,0.0,0.0,0.0,39.95,13.59
3,2021-02-02,15:51:48,1612281108.5,4646,0.0,0.0,0.0,0.0,0.0,0.0,0.0,0.0,0.0,0.0,0.0,0.0,39.94,13.59
3,2021-02-02,15:51:49,1612281109.5,4646,0.0,0.0,0.0,0.0,0.0,0.0,0.0,0.0,0.0,0.0,0.0,0.0,39.94,13.59
3,2021-02-02,15:51:50,1612281110.5,4646,0.0,0.0,0.0,0.0,0.0,0.0,0.0,0.0,0.0,0.0,0.0,0.0,39.96,13.59
3,2021-02-02,15:51:51,1612281111.5,4646,0.0,0.0,0.0,0.0,0.0,0.0,0.0,0.0,0.0,0.0,0.0,0.0,39.96,13.59
3,2021-02-02,15:51:52,1612281112.5,4646,0.0,0.0,0.0,0.0,0.0,0.0,0.0,0.0,0.0,0.0,0.0,0.0,39.95,13.59
3,2021-02-02,15:51:53,1612281113.5,4646,0.0,0.0,0.0,0.0,0.0,0.0,0.0,0.0,0.0,0.0,0.0,0.0,39.95,13.61
3,2021-02-02,15:51:54,1612281114.5,4646,0.0,0.0,0.0,0.0,0.0,0.0,0.0,0.0,0.0,0.0,0.0,0.0,39.98,13.61
3,2021-02-02,15:51:55,1612281115.5,4646,0.0,0.0,0.0,0.0,0.0,0.0,0.0,0.0,0.0,0.0,0.0,0.0,39.98,13.61
3,2021-02-02,15:51:56,1612281116.5,4646,0.0,0.0,0.0,0.0,0.0,0.0,0.0,0.0,0.0,0.0,0.0,0.0,39.96,13.61
3,2021-02-02,15:51:57,1612281117.5,4646,0.0,0.0,0.0,0.0,0.0,0.0,0.0,0.0,0.0,0.0,0.0,0.0,39.96,13.59
3,2021-02-02,15:51:58,1612281118.5,4646,0.0,0.0,0.0,0.0,0.0,0.0,0.0,0.0,0.0,0.0,0.0,0.0,39.95,13.59
3,2021-02-02,15:51:59,1612281119.5,4646,0.0,0.0,0.0,0.0,0.0,0.0,0.0,0.0,0.0,0.0,0.0,0.0,39.95,13.59
3,2021-02-02,15:52:00,1612281120.5,4646,0.0,0.0,0.0,0.0,0.0,0.0,0.0,0.0,0.0,0.0,0.0,0.0,39.95,13.59
3,2021-02-02,15:52:01,1612281121.5,4646,0.0,0.0,0.0,0.0,0.0,0.0,0.0,0.0,0.0,0.0,0.0,0.0,39.95,13.59
4,2021-02-02,15:51:33,1612281093.5,4646,108.42276000976562,3.247349262237549,179.9886016845703,-0.00213623046875,-3.328439782581379e-39,-4.617378849831361e+20,2.6265136441640247e-14,-12550.14453125,-0.9454078078269958,0.0,0.0,0.0,64.35,13.77
4,2021-02-02,15:51:34,1612281094.5,4646,108.42276000976562,3.247349262237549,179.9886016845703,-0.00213623046875,-3.328439782581379e-39,-4.617378849831361e+20,1.002281635101689e-14,314.7250061035156,0.023700764402747154,0.0,0.0,0.0,64.35,13.77
4,2021-02-02,15:51:35,1612281095.5,4646,108.42276000976562,3.247349262237549,179.9886016845703,-0.00213623046875,-3.328439782581379e-39,-4.617378849831361e+20,-6.22005515805513e-15,313.7559509277344,0.023700764402747154,0.0,0.0,0.0,64.35,13.77
4,2021-02-02,15:51:36,1612281096.5,4646,0.0,0.0,0.0,0.0,0.0,0.0,0.0,0.0,0.0,0.0,0.0,0.0,64.35,13.77
4,2021-02-02,15:51:37,1612281097.5,4646,128.145751953125,-18.391864776611328,179.9846649169922,-0.00213623046875,-3.328439782581379e-39,-4.617378849831361e+20,1.1136463082814848e-15,-7006.828125,-0.5278235673904419,0.0,0.0,0.0,64.35,13.77
4,2021-02-02,15:51:38,1612281098.5,4646,128.145751953125,-18.391864776611328,179.9846649169922,-0.00213623046875,-3.328439782581379e-39,-4.617378849831361e+20,-4.761441891806828e-14,-3790.928466796875,-0.2855429947376251,0.0,0.0,0.0,64.35,13.77
4,2021-02-02,15:51:39,1612281099.5,4646,128.145751953125,-18.391864776611328,179.9846649169922,-0.00213623046875,-3.328439782581379e-39,-4.617378849831361e+20,1.1136463082814848e-15,-574.302490234375,-0.043262433260679245,0.0,0.0,0.0,64.35,13.77
4,2021-02-02,15:51:40,1612281100.5,4646,0.0,0.0,0.0,0.0,0.0,0.0,0.0,0.0,0.0,0.0,0.0,0.0,64.35,13.77
4,2021-02-02,15:51:41,1612281101.5,4646,215.64161682128906,21.88377571105957,-0.030553601682186127,-0.00213623046875,-3.328439782581379e-39,-4.617378849831361e+20,-9.985474903537184e-14,-2523.757568359375,-0.19013887643814087,0.0,0.0,0.0,64.35,13.77
4,2021-02-02,15:51:42,1612281102.5,4646,215.64161682128906,21.88377571105957,-0.030553601682186127,-0.00213623046875,-3.328439782581379e-39,-4.617378849831361e+20,-2.3986226060788074e-15,692.6265258789062,0.05214168131351471,0.0,0.0,0.0,64.35,13.77
4,2021-02-02,15:51:43,1612281103.5,4646,215.64161682128906,21.88377571105957,-0.030553601682186127,-0.00213623046875,-3.328439782581379e-39,-4.617378849831361e+20,-1.1609707336115993e-13,-15389.111328125,-1.1592473983764648,0.0,0.0,0.0,64.35,13.77
4,2021-02-02,15:51:44,1612281104.5,4646,215.64161682128906,21.88377571105957,-0.030553601682186127,-0.00213623046875,-3.328439782581379e-39,-4.617378849831361e+20,-5.1126685079571493e-14,-21820.001953125,-1.6437948942184448,0.0,0.0,0.0,64.35,13.77
4,2021-02-02,15:51:45,1612281105.5,4646,215.64161682128906,21.88377571105957,-0.030553601682186127,-0.00213623046875,-3.328439782581379e-39,-4.617378849831361e+20,-2.3986226060788074e-15,-2524.96875,-0.19013887643814087,0.0,0.0,0.0,64.35,0.0
4,2021-02-02,15:51:46,1612281106.5,4646,215.64161682128906,21.88377571105957,-0.030553601682186127,-0.00213623046875,-3.328439782581379e-39,-4.617378849831361e+20,-1.8641494326909064e-14,691.8997192382812,0.05214168131351471,0.0,0.0,0.0,64.35,0.0
4,2021-02-02,15:51:47,1612281107.5,4646,215.64161682128906,21.88377571105957,-0.030553601682186127,-0.00213623046875,-3.328439782581379e-39,-4.617378849831361e+20,-1.8641494326909064e-14,691.8997192382812,0.05214168131351471,0.0,0.0,0.0,64.35,13.77
4,2021-02-02,15:51:48,1612281108.5,4646,0.0,0.0,0.0,0.0,0.0,0.0,0.0,0.0,0.0,0.0,0.0,0.0,64.35,13.77
4,2021-02-02,15:51:49,1612281109.5,4646,164.72950744628906,-54.938262939453125,179.96336364746094,-0.00213623046875,-3.328439782581379e-39,-4.617378849831361e+20,3.3233663793207167e-15,-5737.6689453125,-0.43225550651550293,0.0,0.0,0.0,64.35,13.77
4,2021-02-02,15:51:50,1612281110.5,4646,0.0,0.0,0.0,0.0,0.0,0.0,0.0,0.0,0.0,0.0,0.0,0.0,64.35,13.77
4,2021-02-02,15:51:51,1612281111.5,4646,179.99998474121094,1.4163825511932373,-0.011221659369766712,-0.00213623046875,-3.328439782581379e-39,-4.617378849831361e+20,8.208473472064073e-15,-5858.8193359375,-0.44132599234580994,0.0,0.0,0.0,64.35,13.76
4,2021-02-02,15:51:52,1612281112.5,4646,179.99998474121094,1.4163825511932373,-0.011221659369766712,-0.00213623046875,-3.328439782581379e-39,-4.617378849831361e+20,8.208473472064073e-15,-12291.40625,-0.9258734583854675,0.0,0.0,0.0,40.07,13.76
4,2021-02-02,15:51:53,1612281113.5,4646,179.99998474121094,1.4163825511932373,-0.011221659369766712,-0.00213623046875,-3.328439782581379e-39,-4.617378849831361e+20,8.208473472064073e-15,573.7061157226562,0.043235111981630325,0.0,0.0,0.0,40.07,0.0
4,2021-02-02,15:51:54,1612281114.5,4646,179.99998474121094,1.4163825511932373,-0.011221659369766712,-0.00213623046875,-3.328439782581379e-39,-4.617378849831361e+20,5.693598939754754e-14,-12290.4365234375,-0.9258734583854675,0.0,0.0,0.0,64.35,0.0
4,2021-02-02,15:51:55,1612281115.5,4646,179.99998474121094,1.4163825511932373,-0.011221659369766712,-0.00213623046875,-3.328439782581379e-39,-4.617378849831361e+20,-1.0548997791829176e-13,-21939.408203125,-1.652701497077942,0.0,0.0,0.0,64.35,0.0
4,2021-02-02,15:51:56,1612281116.5,4646,179.99998474121094,1.4163825511932373,-0.011221659369766712,-0.00213623046875,-3.328439782581379e-39,-4.617378849831361e+20,4.069366845989124e-14,573.4638671875,0.043235111981630325,0.0,0.0,0.0,64.35,0.0
4,2021-02-02,15:51:57,1612281117.5,4646,179.99998474121094,1.4163825511932373,-0.011221659369766712,-0.00213623046875,-3.328439782581379e-39,-4.617378849831361e+20,-1.0548997791829176e-13,-12291.40625,-0.9258734583854675,0.0,0.0,0.0,64.35,13.77
4,2021-02-02,15:51:58,1612281118.5,4646,0.0,0.0,0.0,0.0,0.0,0.0,0.0,0.0,0.0,0.0,0.0,0.0,64.35,13.77
4,2021-02-02,15:51:59,1612281119.5,4646,180.00006103515625,-55.706214904785156,-179.85719299316406,-0.00213623046875,-3.328439782581379e-39,-4.617378849831361e+20,2.1185088527734576e-14,-13086.095703125,-0.9857742190361023,0.0,0.0,0.0,64.35,13.77
4,2021-02-02,15:52:00,1612281120.5,4646,180.00006103515625,-55.706214904785156,-179.85719299316406,-0.00213623046875,-3.328439782581379e-39,-4.617378849831361e+20,-2.7542975428065768e-14,-3437.610107421875,-0.2589462101459503,0.0,0.0,0.0,64.35,13.77
4,2021-02-02,15:52:01,1612281121.5,4646,180.00006103515625,-55.706214904785156,-179.85719299316406,-0.00213623046875,-3.328439782581379e-39,-4.617378849831361e+20,4.942766319528851e-15,-3437.852294921875,-0.2589462101459503,0.0,0.0,0.0,64.35,0.0
5,2021-02-02,15:51:33,1612281093.5,4646,,0.0,0.0,,,,,,,0.1196969673037529,-0.05272727459669113,0.0706060603260994,40.23,12.29
5,2021-02-02,15:51:34,1612281094.5,4646,,0.0,0.0,,,,,,,0.11818181723356247,-0.0533333346247673,0.07303030043840408,40.24,12.29
5,2021-02-02,15:51:35,1612281095.5,4646,,0.0,0.0,,,,,,,0.11909090727567673,-0.052424244582653046,0.07333333045244217,40.24,12.29
5,2021-02-02,15:51:36,1612281096.5,4646,,0.0,0.0,,,,,,,0.11727272719144821,-0.05484848469495773,0.07303030043840408,40.23,12.29
5,2021-02-02,15:51:37,1612281097.5,4646,,0.0,0.0,,,,,,,0.11818181723356247,-0.05151515081524849,0.07333333045244217,40.23,12.29
5,2021-02-02,15:51:38,1612281098.5,4646,,0.0,0.0,,,,,,,0.12090909481048584,-0.05090909078717232,0.07030303031206131,40.23,12.29
5,2021-02-02,15:51:39,1612281099.5,4646,,0.0,0.0,,,,,,,0.12030303478240967,-0.0533333346247673,0.0706060603260994,40.23,12.29
5,2021-02-02,15:51:40,1612281100.5,4646,,0.0,0.0,,,,,,,0.11909090727567673,-0.051818180829286575,0.06909091025590897,40.22,12.29
5,2021-02-02,15:51:41,1612281101.5,4646,,0.0,0.0,,,,,,,0.12060606479644775,-0.05303030461072922,0.07181818038225174,40.22,12.29
5,2021-02-02,15:51:42,1612281102.5,4646,,0.0,0.0,,,,,,,0.11878787726163864,-0.05272727459669113,0.07181818038225174,40.24,12.29
5,2021-02-02,15:51:43,1612281103.5,4646,,0.0,0.0,,,,,,,0.11787878721952438,-0.05090909078717232,0.07000000029802322,40.24,12.3
5,2021-02-02,15:51:44,1612281104.5,4646,,0.0,0.0,,,,,,,0.11878787726163864,-0.0533333346247673,0.07000000029802322,40.24,12.3
5,2021-02-02,15:51:45,1612281105.5,4646,,0.0,0.0,,,,,,,0.11848484724760056,-0.0512121208012104,0.07181818038225174,40.24,12.29
5,2021-02-02,15:51:46,1612281106.5,4646,,0.0,0.0,,,,,,,0.11818181723356247,-0.05515151470899582,0.07363636046648026,40.25,12.29
5,2021-02-02,15:51:47,1612281107.5,4646,,0.0,0.0,,,,,,,0.11848484724760056,-0.051818180829286575,0.072727270424366,40.25,12.29
5,2021-02-02,15:51:48,1612281108.5,4646,,0.0,0.0,,,,,,,0.12090909481048584,-0.05575757473707199,0.07030303031206131,40.28,12.29
5,2021-02-02,15:51:49,1612281109.5,4646,,0.0,0.0,,,,,,,0.11878787726163864,-0.0533333346247673,0.0706060603260994,40.28,12.3
5,2021-02-02,15:51:50,1612281110.5,4646,,0.0,0.0,,,,,,,0.11909090727567673,-0.05363636463880539,0.07242424041032791,40.28,12.3
5,2021-02-02,15:51:51,1612281111.5,4646,,0.0,0.0,,,,,,,0.11787878721952438,-0.05363636463880539,0.07212121039628983,40.28,12.3
5,2021-02-02,15:51:52,1612281112.5,4646,,0.0,0.0,,,,,,,0.11939393728971481,-0.05363636463880539,0.07151515036821365,40.24,12.3
5,2021-02-02,15:51:53,1612281113.5,4646,,0.0,0.0,,,,,,,0.11848484724760056,-0.05363636463880539,0.07363636046648026,40.24,12.29
5,2021-02-02,15:51:54,1612281114.5,4646,,0.0,0.0,,,,,,,0.11939393728971481,-0.05515151470899582,0.06939394026994705,40.25,12.29
5,2021-02-02,15:51:55,1612281115.5,4646,,0.0,0.0,,,,,,,0.11848484724760056,-0.05454545468091965,0.06969697028398514,40.25,12.29
5,2021-02-02,15:51:56,1612281116.5,4646,,0.0,0.0,,,,,,,0.12090909481048584,-0.0533333346247673,0.07121212035417557,40.24,12.29
5,2021-02-02,15:51:57,1612281117.5,4646,,0.0,0.0,,,,,,,0.11848484724760056,-0.0533333346247673,0.07030303031206131,40.24,12.29
5,2021-02-02,15:51:58,1612281118.5,4646,,0.0,0.0,,,,,,,0.11878787726163864,-0.05303030461072922,0.07090909034013748,40.24,12.29
5,2021-02-02,15:51:59,1612281119.5,4646,,0.0,0.0,,,,,,,0.11878787726163864,-0.05272727459669113,0.07242424041032791,40.24,12.29
5,2021-02-02,15:52:00,1612281120.5,4646,,0.0,0.0,,,,,,,0.11787878721952438,-0.053939394652843475,0.07181818038225174,40.23,12.29
5,2021-02-02,15:52:01,1612281121.5,4646,,0.0,0.0,,,,,,,0.11878787726163864,-0.053939394652843475,0.07121212035417557,40.23,12.29
7,2021-02-02,15:51:33,1612281093.5,4646,188.25149536132812,-0.23527002334594727,0.4176405668258667,-0.0032699108123779297,-0.00707652885466814,-0.9891319274902344,0.0,0.510543167591095,-0.2655715048313141,-0.1557575762271881,-0.0181818176060915,0.0533333346247673,41.55,12.13
7,2021-02-02,15:51:34,1612281094.5,4646,188.2533416748047,-0.23607535660266876,0.41736871004104614,-0.003923699259757996,-0.0070226360112428665,-0.9890782833099365,0.0,0.510543167591095,-0.6384999752044678,-0.15454545617103577,-0.016969697549939156,0.05484848469495773,41.55,12.13
7,2021-02-02,15:51:35,1612281095.5,4646,188.25604248046875,-0.23484450578689575,0.41719043254852295,-0.003907340578734875,-0.007190928794443607,-0.9891321659088135,0.0,-0.6082285642623901,-0.2655715048313141,-0.15424242615699768,-0.01606060564517975,0.05484848469495773,41.53,12.13
7,2021-02-02,15:51:36,1612281096.5,4646,188.26055908203125,-0.2373483031988144,0.4171595275402069,-0.003963538445532322,-0.0070870062336325645,-0.9891355037689209,0.0,-0.2353137582540512,-0.6384999752044678,-0.15333333611488342,-0.01878787949681282,0.05606060475111008,41.53,12.13
7,2021-02-02,15:51:37,1612281097.5,4646,188.26341247558594,-0.2391032576560974,0.4170498549938202,-0.003452066797763109,-0.007023290731012821,-0.9886398315429688,0.0,-0.2353137582540512,-0.6384999752044678,-0.15484848618507385,-0.02030302956700325,0.05484848469495773,41.52,12.13
7,2021-02-02,15:51:38,1612281098.5,4646,188.26400756835938,-0.23991717398166656,0.4168778657913208,-0.003534540766850114,-0.00707652885466814,-0.9883036613464355,0.0,-0.6082285642623901,-0.6384999752044678,-0.15454545617103577,-0.01666666753590107,0.05303030461072922,41.52,12.13
7,2021-02-02,15:51:39,1612281099.5,4646,188.2633056640625,-0.2427520453929901,0.41710031032562256,-0.0037832045927643776,-0.007201657630503178,-0.9892541170120239,0.0,0.13761469721794128,0.1073569506406784,-0.15060606598854065,-0.019393939524888992,0.05454545468091965,41.52,12.13
7,2021-02-02,15:51:40,1612281100.5,4646,188.26312255859375,-0.24431459605693817,0.4174116551876068,-0.0033263550139963627,-0.007087676785886288,-0.9892575740814209,0.0,-0.9811570048332214,-0.2655715048313141,-0.15272727608680725,-0.016969697549939156,0.05666666850447655,41.52,12.13
7,2021-02-02,15:51:41,1612281101.5,4646,188.26287841796875,-0.24786928296089172,0.4175594449043274,-0.003870006650686264,-0.007023332640528679,-0.9891433715820312,0.0,-0.2353137582540512,-0.6384999752044678,-0.15272727608680725,-0.017575757578015327,0.05515151470899582,41.49,12.13
7,2021-02-02,15:51:42,1612281102.5,4646,188.26031494140625,-0.2486388236284256,0.4177072048187256,-0.0039039847906678915,-0.007190972566604614,-0.9891362190246582,0.0,-0.2353137582540512,-0.6384999752044678,-0.15303030610084534,-0.01878787949681282,0.05424242466688156,41.49,12.17
7,2021-02-02,15:51:43,1612281103.5,4646,188.25650024414062,-0.24703431129455566,0.41792774200439453,-0.0038488879799842834,-0.007087009027600288,-0.9891357421875,0.0,-0.2353137582540512,-0.6384999752044678,-0.1536363661289215,-0.020606061443686485,0.05636363849043846,41.48,12.17
7,2021-02-02,15:51:44,1612281104.5,4646,188.2484130859375,-0.23870724439620972,0.41807782649993896,-0.0037882239557802677,-0.007080511189997196,-0.9892501831054688,0.0,0.13761469721794128,-0.2655715048313141,-0.15484848618507385,-0.019696969538927078,0.05606060475111008,41.48,12.17
7,2021-02-02,15:51:45,1612281105.5,4646,188.24545288085938,-0.22864888608455658,0.41807320713996887,-0.003898873459547758,-0.007022884674370289,-0.989142894744873,0.0,-0.2353137582540512,0.8532138466835022,-0.15272727608680725,-0.015757575631141663,0.053939394652843475,41.5,12.17
7,2021-02-02,15:51:46,1612281106.5,4646,188.24705505371094,-0.22218002378940582,0.4180724322795868,-0.00396300945430994,-0.007190944626927376,-0.989708423614502,0.0,0.510543167591095,-0.6384999752044678,-0.1536363661289215,-0.019090909510850906,0.05484848469495773,41.5,12.17
7,2021-02-02,15:51:47,1612281107.5,4646,188.24874877929688,-0.21758566796779633,0.41810235381126404,-0.0035664746537804604,-0.007029786705970764,-0.989285945892334,0.0,-0.2353137582540512,0.1073569506406784,-0.15121212601661682,-0.01727272756397724,0.05666666850447655,0.0,12.17
7,2021-02-02,15:51:48,1612281108.5,4646,188.2509307861328,-0.21178118884563446,0.41814476251602173,-0.003656132146716118,-0.007191375829279423,-0.9894884824752808,0.0,0.8834716081619263,-0.6384999752044678,-0.1536363661289215,-0.017878787592053413,0.05575757473707199,0.0,650.9
7,2021-02-02,15:51:49,1612281109.5,4646,188.25047302246094,-0.19635462760925293,0.4184720516204834,-0.003794408403337002,-0.007194953970611095,-0.9894875884056091,0.0,-0.2353137582540512,-0.2655715048313141,-0.15424242615699768,-0.0181818176060915,0.05575757473707199,41.57,650.9
7,2021-02-02,15:51:50,1612281110.5,4646,188.2516326904297,-0.18893615901470184,0.4187140166759491,-0.0039564804174005985,-0.007087257690727711,-0.9882422089576721,0.0,-0.6082285642623901,0.1073569506406784,-0.15454545617103577,-0.016969697549939156,0.05636363849043846,41.57,12.13
7,2021-02-02,15:51:51,1612281111.5,4646,188.25546264648438,-0.18403562903404236,0.4188508689403534,-0.003909389488399029,-0.007080527022480965,-0.9891943335533142,0.0,0.13761469721794128,-0.6384999752044678,-0.1515151560306549,-0.01606060564517975,0.05484848469495773,41.66,12.13
7,2021-02-02,15:51:52,1612281112.5,4646,188.2550048828125,-0.17909777164459229,0.4189104437828064,-0.003906446509063244,-0.0070801060646772385,-0.9890822172164917,0.0,0.510543167591095,0.4802854061126709,-0.15545454621315002,-0.016969697549939156,0.053939394652843475,41.66,12.13
7,2021-02-02,15:51:53,1612281113.5,4646,188.25367736816406,-0.17242343723773956,0.41890019178390503,-0.0037918214220553637,-0.007080079987645149,-0.9897046089172363,0.0,-0.2353137582540512,-1.0114147663116455,-0.15424242615699768,-0.018484849482774734,0.05515151470899582,41.64,12.13
7,2021-02-02,15:51:54,1612281114.5,4646,188.248779296875,-0.1674313098192215,0.41877612471580505,-0.003899098141118884,-0.007022857666015625,-0.9895145893096924,0.0,0.8834716081619263,-0.6384999752044678,-0.1536363661289215,-0.015454545617103577,0.053939394652843475,41.64,12.13
7,2021-02-02,15:51:55,1612281115.5,4646,188.24371337890625,-0.16342750191688538,0.41848620772361755,-0.0035624802112579346,-0.0070192813873291016,-0.9895027279853821,0.0,-0.6082285642623901,-0.6384999752044678,-0.15303030610084534,-0.01727272756397724,0.053939394652843475,41.64,12.13
7,2021-02-02,15:51:56,1612281116.5,4646,188.23890686035156,-0.1621396243572235,0.4181378483772278,-0.003140898421406746,-0.007076278328895569,-0.9891014695167542,0.0,-0.6082285642623901,-0.6384999752044678,-0.1536363661289215,-0.0181818176060915,0.05606060475111008,41.64,12.13
7,2021-02-02,15:51:57,1612281117.5,4646,188.2313232421875,-0.16299079358577728,0.4179685711860657,-0.00374397449195385,-0.007194281555712223,-0.9890763759613037,0.0,-0.2353137582540512,-1.3843432664871216,-0.1539393961429596,-0.017878787592053413,0.05515151470899582,41.62,12.13
7,2021-02-02,15:51:58,1612281118.5,4646,188.2207794189453,-0.1660538762807846,0.4179566502571106,-0.0039533283561468124,-0.007087215781211853,-0.9891892671585083,0.0,-0.2353137582540512,-1.0114147663116455,-0.15333333611488342,-0.019696969538927078,0.05575757473707199,41.62,12.13
7,2021-02-02,15:51:59,1612281119.5,4646,188.2057647705078,-0.17687591910362244,0.4179759919643402,-0.00391001021489501,-0.0071945469826459885,-0.9891324043273926,0.0,0.13761469721794128,-0.2655715048313141,-0.15303030610084534,-0.019999999552965164,0.05484848469495773,41.57,12.13
7,2021-02-02,15:52:00,1612281120.5,4646,188.19744873046875,-0.17887452244758606,0.41820403933525085,-0.003963705617934465,-0.007144453004002571,-0.9891355037689209,0.0,0.13761469721794128,-1.0114147663116455,-0.1539393961429596,-0.01727272756397724,0.05515151470899582,41.57,12.13
7,2021-02-02,15:52:01,1612281121.5,4646,188.18679809570312,-0.17963656783103943,0.41842547059059143,-0.003909841179847717,-0.007084101438522339,-0.9892501831054688,0.0,0.13761469721794128,-0.6384999752044678,-0.15515151619911194,-0.017878787592053413,0.05727272853255272,41.51,12.13
8,2021-02-02,15:51:33,1612281093.5,4646,254.8017120361328,1.4551531076431274,0.5032958984375,0.0560000017285347,-0.024000000208616257,-0.987000048160553,0.9665540456771851,0.966581404209137,0.48327702283859253,-0.0,-0.0,-0.0,40.49,12.4
8,2021-02-02,15:51:34,1612281094.5,4646,254.8016357421875,1.4122803211212158,0.5480158925056458,0.055000003427267075,-0.02500000037252903,-0.9860000610351562,-0.24165217578411102,0.24165217578411102,0.2416248619556427,-0.0,-0.0,-0.0,40.49,12.39
8,2021-02-02,15:51:35,1612281095.5,4646,254.80194091796875,1.4105135202407837,0.5020829439163208,0.055000003427267075,-0.024000000208616257,-0.987000048160553,2.6580374240875244,0.7249292135238647,0.48327702283859253,-0.0,-0.0,-0.0,40.47,12.39
8,2021-02-02,15:51:36,1612281096.5,4646,254.8009490966797,1.4090315103530884,0.4903803765773773,0.055000003427267075,-0.024000000208616257,-0.9860000610351562,3.1413142681121826,-0.4832497239112854,0.48327702283859253,-0.0,-0.0,-0.0,40.47,12.43
8,2021-02-02,15:51:37,1612281097.5,4646,254.80067443847656,1.4640840291976929,0.5495797395706177,0.0560000017285347,-0.02500000037252903,-0.9860000610351562,1.6914832592010498,0.0,0.48327702283859253,-0.0,-0.0,-0.0,40.46,12.43
8,2021-02-02,15:51:38,1612281098.5,4646,254.80177307128906,1.4156967401504517,0.5216829776763916,0.055000003427267075,-0.02500000037252903,-0.9860000610351562,0.2416248619556427,-0.9665540456771851,0.7249292135238647,-0.0,-0.0,-0.0,40.46,12.43
8,2021-02-02,15:51:39,1612281099.5,4646,254.80128479003906,1.4653376340866089,0.4902645945549011,0.0560000017285347,-0.024000000208616257,-0.987000048160553,2.8996622562408447,0.7249292135238647,0.48327702283859253,-0.0,-0.0,-0.0,40.46,12.43
8,2021-02-02,15:51:40,1612281100.5,4646,254.80149841308594,1.412692904472351,0.5476453304290771,0.055000003427267075,-0.02500000037252903,-0.9860000610351562,0.2416248619556427,0.24165217578411102,0.0,-0.0,-0.0,-0.0,40.46,12.43
8,2021-02-02,15:51:41,1612281101.5,4646,254.80194091796875,1.4411084651947021,0.5174582004547119,0.0560000017285347,-0.024000000208616257,-0.9860000610351562,1.2081788778305054,0.7249292135238647,0.48327702283859253,-0.0,-0.0,-0.0,40.51,12.43
8,2021-02-02,15:51:42,1612281102.5,4646,254.8017120361328,1.4108631610870361,0.4906770586967468,0.055000003427267075,-0.024000000208616257,-0.987000048160553,0.48327702283859253,-0.2416248619556427,0.2416248619556427,-0.0,-0.0,-0.0,40.51,12.39
8,2021-02-02,15:51:43,1612281103.5,4646,254.8007354736328,1.456662893295288,0.501288115978241,0.0560000017285347,-0.024000000208616257,-0.987000048160553,-0.48330435156822205,0.0,0.2416248619556427,-0.0,-0.0,-0.0,40.47,12.39
8,2021-02-02,15:51:44,1612281104.5,4646,254.80160522460938,1.4118561744689941,0.5475158095359802,0.055000003427267075,-0.02500000037252903,-0.987000048160553,-0.24165217578411102,0.0,0.48327702283859253,-0.0,-0.0,-0.0,40.47,12.39
8,2021-02-02,15:51:45,1612281105.5,4646,254.80191040039062,1.454440951347351,0.5040148496627808,0.0560000017285347,-0.024000000208616257,-0.987000048160553,0.48327702283859253,0.24165217578411102,0.2416248619556427,-0.0,-0.0,-0.0,40.45,12.39
8,2021-02-02,15:51:46,1612281106.5,4646,254.8016357421875,1.4109503030776978,0.4939687252044678,0.055000003427267075,-0.024000000208616257,-0.987000048160553,0.2416248619556427,0.0,0.48327702283859253,-0.0,-0.0,-0.0,40.45,12.43
8,2021-02-02,15:51:47,1612281107.5,4646,254.80078125,1.411895990371704,0.5476939082145691,0.055000003427267075,-0.02500000037252903,-0.9860000610351562,2.4163851737976074,0.0,0.48327702283859253,-0.0,-0.0,-0.0,40.45,12.43
8,2021-02-02,15:51:48,1612281108.5,4646,254.8009490966797,1.4104833602905273,0.5128424167633057,0.055000003427267075,-0.024000000208616257,-0.987000048160553,3.1413142681121826,0.24165217578411102,0.0,-0.0,-0.0,-0.0,40.45,12.43
8,2021-02-02,15:51:49,1612281109.5,4646,254.80116271972656,1.4076532125473022,0.5478019714355469,0.055000003427267075,-0.02500000037252903,-0.987000048160553,2.6580374240875244,0.7249292135238647,0.48327702283859253,-0.0,-0.0,-0.0,40.43,12.43
8,2021-02-02,15:51:50,1612281110.5,4646,254.80184936523438,1.4094878435134888,0.4915600121021271,0.055000003427267075,-0.024000000208616257,-0.987000048160553,0.9665540456771851,-0.9665540456771851,0.48327702283859253,-0.0,-0.0,-0.0,40.43,12.43
8,2021-02-02,15:51:51,1612281111.5,4646,254.8007354736328,1.44010329246521,0.4897248446941376,0.0560000017285347,-0.024000000208616257,-0.987000048160553,-0.48330435156822205,0.24165217578411102,0.48327702283859253,-0.0,-0.0,-0.0,40.46,12.43
8,2021-02-02,15:51:52,1612281112.5,4646,254.80111694335938,1.455458164215088,0.48980215191841125,0.0560000017285347,-0.024000000208616257,-0.987000048160553,0.48327702283859253,0.0,0.48327702283859253,-0.0,-0.0,-0.0,40.46,12.43
8,2021-02-02,15:51:53,1612281113.5,4646,254.80133056640625,1.41239595413208,0.49401941895484924,0.055000003427267075,-0.024000000208616257,-0.9860000610351562,0.48327702283859253,-0.9665540456771851,0.48327702283859253,-0.0,-0.0,-0.0,40.42,12.43
8,2021-02-02,15:51:54,1612281114.5,4646,254.80081176757812,1.410504937171936,0.5471470355987549,0.055000003427267075,-0.02500000037252903,-0.987000048160553,3.1413142681121826,0.966581404209137,0.48327702283859253,-0.0,-0.0,-0.0,40.42,12.43
8,2021-02-02,15:51:55,1612281115.5,4646,254.8018798828125,1.4116060733795166,0.5484157204627991,0.055000003427267075,-0.02500000037252903,-0.9860000610351562,1.6914832592010498,0.7249292135238647,0.2416248619556427,-0.0,-0.0,-0.0,40.39,12.43
8,2021-02-02,15:51:56,1612281116.5,4646,254.80194091796875,1.4085609912872314,0.4958924353122711,0.055000003427267075,-0.024000000208616257,-0.987000048160553,2.4163851737976074,0.24165217578411102,0.48327702283859253,-0.0,-0.0,-0.0,40.39,12.43
8,2021-02-02,15:51:57,1612281117.5,4646,254.80078125,1.4400981664657593,0.5166682600975037,0.0560000017285347,-0.024000000208616257,-0.987000048160553,1.2081788778305054,0.24165217578411102,0.7249292135238647,-0.0,-0.0,-0.0,40.48,12.43
8,2021-02-02,15:51:58,1612281118.5,4646,254.80116271972656,1.414359450340271,0.5432663559913635,0.055000003427267075,-0.02500000037252903,-0.987000048160553,1.6914832592010498,0.0,0.2416248619556427,-0.0,-0.0,-0.0,40.48,12.43
8,2021-02-02,15:51:59,1612281119.5,4646,254.8018798828125,1.4385018348693848,0.49356040358543396,0.0560000017285347,-0.024000000208616257,-0.987000048160553,1.9331353902816772,0.24165217578411102,0.7249292135238647,-0.0,-0.0,-0.0,40.45,12.43
8,2021-02-02,15:52:00,1612281120.5,4646,254.80116271972656,1.4118536710739136,0.547748327255249,0.055000003427267075,-0.02500000037252903,-0.9860000610351562,-2.6580374240875244,0.0,0.48327702283859253,-0.0,-0.0,-0.0,40.45,12.43
8,2021-02-02,15:52:01,1612281121.5,4646,254.80194091796875,1.4108624458312988,0.49072471261024475,0.055000003427267075,-0.024000000208616257,-0.987000048160553,-0.48330435156822205,0.24165217578411102,0.7249292135238647,-0.0,-0.0,-0.0,40.44,12.43
9,2021-02-02,15:51:33,1612281093.5,4646,236.9565887451172,4.171904563903809,-1.0903161764144897,0.10100000351667404,0.0020000000949949026,-0.9970000386238098,0.0,0.0,0.0,-0.13121211528778076,0.0939393937587738,0.13424243032932281,39.44,13.64
9,2021-02-02,15:51:34,1612281094.5,4646,237.43789672851562,4.17136812210083,-1.0901755094528198,0.10100000351667404,0.0020000000949949026,-0.9970000386238098,0.0,0.0,0.0,-0.1303030252456665,0.09515151381492615,0.13818182051181793,39.44,13.64
9,2021-02-02,15:51:35,1612281095.5,4646,237.13026428222656,4.170947551727295,-1.0900651216506958,0.10100000351667404,0.0020000000949949026,-0.9970000386238098,0.0,0.0,0.0,-0.13090908527374268,0.09424242377281189,0.13757576048374176,39.41,13.64
9,2021-02-02,15:51:36,1612281096.5,4646,236.5786590576172,4.17094087600708,-1.0900635719299316,0.10100000351667404,0.0020000000949949026,-0.9970000386238098,0.0,0.0,0.0,-0.13272728025913239,0.09333333373069763,0.13636364042758942,39.41,13.64
9,2021-02-02,15:51:37,1612281097.5,4646,236.51773071289062,4.174237251281738,-1.0909281969070435,0.10100000351667404,0.0020000000949949026,-0.9960000514984131,0.0,0.0,0.0,-0.1324242502450943,0.09272727370262146,0.1366666704416275,39.36,13.64
9,2021-02-02,15:51:38,1612281098.5,4646,236.85055541992188,4.170948505401611,-1.0900654792785645,0.10100000351667404,0.0020000000949949026,-0.9970000386238098,0.0,0.0,0.0,-0.13090908527374268,0.09303030371665955,0.13545455038547516,39.36,13.63
9,2021-02-02,15:51:39,1612281099.5,4646,236.6205596923828,4.17094087600708,-1.0900635719299316,0.10100000351667404,0.0020000000949949026,-0.9970000386238098,0.0,0.0,0.0,-0.13272728025913239,0.09363636374473572,0.13515152037143707,39.32,13.63
9,2021-02-02,15:51:40,1612281100.5,4646,237.3538818359375,4.201057434082031,-1.0900635719299316,0.10200000554323196,0.0020000000949949026,-0.9970000386238098,0.0,0.0,0.0,-0.12909090518951416,0.09363636374473572,0.13727273046970367,39.32,13.63
9,2021-02-02,15:51:41,1612281101.5,4646,237.38890075683594,4.1723527908325195,-1.0900635719299316,0.10100000351667404,0.0020000000949949026,-0.9970000386238098,0.0,0.0,0.0,-0.1306060552597046,0.09515151381492615,0.13787879049777985,39.35,13.63
9,2021-02-02,15:51:42,1612281102.5,4646,236.8228759765625,4.170963287353516,-1.0900635719299316,0.10100000351667404,0.0020000000949949026,-0.9970000386238098,0.0,0.0,0.0,-0.1321212202310562,0.0939393937587738,0.1366666704416275,39.35,13.63
9,2021-02-02,15:51:43,1612281103.5,4646,237.2505340576172,4.1712846755981445,-1.0901535749435425,0.10100000351667404,0.0020000000949949026,-0.9970000386238098,0.0,0.0,0.0,-0.12878787517547607,0.09303030371665955,0.134848490357399,39.37,13.63
9,2021-02-02,15:51:44,1612281104.5,4646,237.0071563720703,4.171314239501953,-1.1213939189910889,0.10100000351667404,0.003000000026077032,-0.9970000386238098,0.0,0.0,0.0,-0.13181817531585693,0.09454545378684998,0.1369697004556656,39.37,13.64
9,2021-02-02,15:51:45,1612281105.5,4646,237.22669982910156,4.170945644378662,-1.091498851776123,0.10100000351667404,0.0020000000949949026,-0.9970000386238098,0.0,0.0,0.0,-0.12999999523162842,0.0939393937587738,0.13606061041355133,39.4,13.64
9,2021-02-02,15:51:46,1612281106.5,4646,236.71192932128906,4.17094087600708,-1.0900858640670776,0.10100000351667404,0.0020000000949949026,-0.9970000386238098,0.0,0.0,0.0,-0.13272728025913239,0.0939393937587738,0.1369697004556656,39.4,13.64
9,2021-02-02,15:51:47,1612281107.5,4646,237.74391174316406,4.17094087600708,-1.0900638103485107,0.10100000351667404,0.0020000000949949026,-0.9970000386238098,0.0,0.0,0.0,-0.12878787517547607,0.09545454382896423,0.13545455038547516,39.41,13.64
9,2021-02-02,15:51:48,1612281108.5,4646,237.34278869628906,4.170872211456299,-1.0900599956512451,0.10100000351667404,0.0020000000949949026,-0.9970000386238098,0.0,0.0,0.0,-0.1303030252456665,0.09484848380088806,0.13606061041355133,39.41,13.64
9,2021-02-02,15:51:49,1612281109.5,4646,236.60829162597656,4.170938491821289,-1.090063214302063,0.10100000351667404,0.0020000000949949026,-0.9970000386238098,0.0,0.0,0.0,-0.13272728025913239,0.09333333373069763,0.13818182051181793,39.33,13.64
9,2021-02-02,15:51:50,1612281110.5,4646,237.11204528808594,4.171901702880859,-1.090315580368042,0.10100000351667404,0.0020000000949949026,-0.9970000386238098,0.0,0.0,0.0,-0.12999999523162842,0.09333333373069763,0.1369697004556656,39.33,13.63
9,2021-02-02,15:51:51,1612281111.5,4646,237.24197387695312,4.170971393585205,-1.0900713205337524,0.10100000351667404,0.0020000000949949026,-0.9970000386238098,0.0,0.0,0.0,-0.1303030252456665,0.09424242377281189,0.13727273046970367,39.33,13.63
9,2021-02-02,15:51:52,1612281112.5,4646,237.4066619873047,4.17094087600708,-1.0900635719299316,0.10100000351667404,0.0020000000949949026,-0.9970000386238098,0.0,0.0,0.0,-0.12939393520355225,0.09424242377281189,0.1366666704416275,39.33,13.63
9,2021-02-02,15:51:53,1612281113.5,4646,237.38795471191406,4.173000812530518,-1.0906039476394653,0.10100000351667404,0.0020000000949949026,-0.9970000386238098,0.0,0.0,0.0,-0.1303030252456665,0.09515151381492615,0.13515152037143707,39.34,13.63
9,2021-02-02,15:51:54,1612281114.5,4646,237.11439514160156,4.170973300933838,-1.0900719165802002,0.10100000351667404,0.0020000000949949026,-0.9970000386238098,0.0,0.0,0.0,-0.13181817531585693,0.09515151381492615,0.13606061041355133,39.34,13.71
9,2021-02-02,15:51:55,1612281115.5,4646,237.33331298828125,4.174375057220459,-1.0909643173217773,0.10100000351667404,0.0020000000949949026,-0.9960000514984131,0.0,0.0,0.0,-0.12969696521759033,0.09424242377281189,0.13575758039951324,39.33,13.71
9,2021-02-02,15:51:56,1612281116.5,4646,236.96388244628906,4.171063423156738,-1.0900955200195312,0.10100000351667404,0.0020000000949949026,-0.9970000386238098,0.0,0.0,0.0,-0.1324242502450943,0.09484848380088806,0.13757576048374176,39.33,13.72
9,2021-02-02,15:51:57,1612281117.5,4646,236.8871612548828,4.170942783355713,-1.0900640487670898,0.10100000351667404,0.0020000000949949026,-0.9970000386238098,0.0,0.0,0.0,-0.1306060552597046,0.09272727370262146,0.13787879049777985,39.32,13.72
9,2021-02-02,15:51:58,1612281118.5,4646,236.96951293945312,4.17094087600708,-1.0900635719299316,0.10100000351667404,0.0020000000949949026,-0.9970000386238098,0.0,0.0,0.0,-0.12969696521759033,0.09212121367454529,0.13969697058200836,39.32,13.71
9,2021-02-02,15:51:59,1612281119.5,4646,237.06069946289062,4.173412799835205,-1.0907119512557983,0.10100000351667404,0.0020000000949949026,-0.9960000514984131,0.0,0.0,0.0,-0.12999999523162842,0.09303030371665955,0.13757576048374176,39.34,13.71
9,2021-02-02,15:52:00,1612281120.5,4646,237.1870880126953,4.172008991241455,-1.090343713760376,0.10100000351667404,0.0020000000949949026,-0.9970000386238098,0.0,0.0,0.0,-0.13090908527374268,0.09454545378684998,0.13727273046970367,39.34,13.72
9,2021-02-02,15:52:01,1612281121.5,4646,237.4608154296875,4.170957565307617,-1.0900678634643555,0.10100000351667404,0.0020000000949949026,-0.9970000386238098,0.0,0.0,0.0,-0.12999999523162842,0.09484848380088806,0.13969697058200836,39.37,13.72
10,2021-02-02,15:51:33,1612281093.5,4646,0.0,0.0,0.0,0.0,0.0,0.0,0.0,0.0,0.0,0.0,0.0,0.0,44.2,10.66
10,2021-02-02,15:51:34,1612281094.5,4646,0.0,0.0,0.0,0.0,0.0,0.0,0.0,0.0,0.0,0.0,0.0,0.0,44.2,10.66
10,2021-02-02,15:51:35,1612281095.5,4646,0.0,0.0,0.0,0.0,0.0,0.0,0.0,0.0,0.0,0.0,0.0,0.0,44.2,10.66
10,2021-02-02,15:51:36,1612281096.5,4646,0.0,0.0,0.0,0.0,0.0,0.0,0.0,0.0,0.0,0.0,0.0,0.0,44.16,10.66
10,2021-02-02,15:51:37,1612281097.5,4646,0.0,0.0,0.0,0.0,0.0,0.0,0.0,0.0,0.0,0.0,0.0,0.0,44.16,10.66
10,2021-02-02,15:51:38,1612281098.5,4646,0.0,0.0,0.0,0.0,0.0,0.0,0.0,0.0,0.0,0.0,0.0,0.0,44.16,10.66
10,2021-02-02,15:51:39,1612281099.5,4646,0.0,0.0,0.0,0.0,0.0,0.0,0.0,0.0,0.0,0.0,0.0,0.0,44.16,10.66
10,2021-02-02,15:51:40,1612281100.5,4646,0.0,0.0,0.0,0.0,0.0,0.0,0.0,0.0,0.0,0.0,0.0,0.0,44.19,10.66
10,2021-02-02,15:51:41,1612281101.5,4646,0.0,0.0,0.0,0.0,0.0,0.0,0.0,0.0,0.0,0.0,0.0,0.0,44.19,10.66
10,2021-02-02,15:51:42,1612281102.5,4646,0.0,0.0,0.0,0.0,0.0,0.0,0.0,0.0,0.0,0.0,0.0,0.0,44.2,10.66
10,2021-02-02,15:51:43,1612281103.5,4646,0.0,0.0,0.0,0.0,0.0,0.0,0.0,0.0,0.0,0.0,0.0,0.0,44.2,10.66
10,2021-02-02,15:51:44,1612281104.5,4646,0.0,0.0,0.0,0.0,0.0,0.0,0.0,0.0,0.0,0.0,0.0,0.0,44.19,10.66
10,2021-02-02,15:51:45,1612281105.5,4646,0.0,0.0,0.0,0.0,0.0,0.0,0.0,0.0,0.0,0.0,0.0,0.0,44.19,10.66
10,2021-02-02,15:51:46,1612281106.5,4646,0.0,0.0,0.0,0.0,0.0,0.0,0.0,0.0,0.0,0.0,0.0,0.0,44.22,10.66
10,2021-02-02,15:51:47,1612281107.5,4646,0.0,0.0,0.0,0.0,0.0,0.0,0.0,0.0,0.0,0.0,0.0,0.0,44.22,10.62
10,2021-02-02,15:51:48,1612281108.5,4646,0.0,0.0,0.0,0.0,0.0,0.0,0.0,0.0,0.0,0.0,0.0,0.0,44.23,10.62
10,2021-02-02,15:51:49,1612281109.5,4646,0.0,0.0,0.0,0.0,0.0,0.0,0.0,0.0,0.0,0.0,0.0,0.0,44.23,10.62
10,2021-02-02,15:51:50,1612281110.5,4646,0.0,0.0,0.0,0.0,0.0,0.0,0.0,0.0,0.0,0.0,0.0,0.0,44.24,10.62
10,2021-02-02,15:51:51,1612281111.5,4646,0.0,0.0,0.0,0.0,0.0,0.0,0.0,0.0,0.0,0.0,0.0,0.0,44.24,10.62
10,2021-02-02,15:51:52,1612281112.5,4646,0.0,0.0,0.0,0.0,0.0,0.0,0.0,0.0,0.0,0.0,0.0,0.0,44.18,10.62
10,2021-02-02,15:51:53,1612281113.5,4646,0.0,0.0,0.0,0.0,0.0,0.0,0.0,0.0,0.0,0.0,0.0,0.0,44.18,10.62
10,2021-02-02,15:51:54,1612281114.5,4646,0.0,0.0,0.0,0.0,0.0,0.0,0.0,0.0,0.0,0.0,0.0,0.0,44.21,10.62
10,2021-02-02,15:51:55,1612281115.5,4646,0.0,0.0,0.0,0.0,0.0,0.0,0.0,0.0,0.0,0.0,0.0,0.0,44.21,10.62
10,2021-02-02,15:51:56,1612281116.5,4646,0.0,0.0,0.0,0.0,0.0,0.0,0.0,0.0,0.0,0.0,0.0,0.0,44.22,10.62
10,2021-02-02,15:51:57,1612281117.5,4646,0.0,0.0,0.0,0.0,0.0,0.0,0.0,0.0,0.0,0.0,0.0,0.0,44.22,10.62
10,2021-02-02,15:51:58,1612281118.5,4646,0.0,0.0,0.0,0.0,0.0,0.0,0.0,0.0,0.0,0.0,0.0,0.0,44.23,10.62
10,2021-02-02,15:51:59,1612281119.5,4646,0.0,0.0,0.0,0.0,0.0,0.0,0.0,0.0,0.0,0.0,0.0,0.0,44.23,10.62
10,2021-02-02,15:52:00,1612281120.5,4646,0.0,0.0,0.0,0.0,0.0,0.0,0.0,0.0,0.0,0.0,0.0,0.0,44.22,10.62
10,2021-02-02,15:52:01,1612281121.5,4646,0.0,0.0,0.0,0.0,0.0,0.0,0.0,0.0,0.0,0.0,0.0,0.0,44.22,10.62
11,2021-02-02,15:51:33,1612281093.5,4646,217.380126953125,-0.04628131911158562,-6.91509694661363e-06,-0.0048828125,-2.333966288419343e-39,-1.649022250571006e+19,9.609866719285855e-18,-0.2640278935432434,-0.45618849992752075,0.0,0.0,0.0,43.98,10.86
11,2021-02-02,15:51:34,1612281094.5,4646,217.380126953125,-0.04628131911158562,-6.91509694661363e-06,-0.004883855581283569,-2.333966288419343e-39,-1.6493743141942198e+19,-3.2958838130118997e-16,-0.7485753297805786,-0.940735936164856,0.0,0.0,0.0,43.99,10.86
11,2021-02-02,15:51:35,1612281095.5,4646,217.380126953125,-0.04628131911158562,-6.91509694661363e-06,-0.0048828125,-2.333966288419343e-39,-1.649022250571006e+19,7.744952294082592e-17,-0.021747330203652382,-0.45618849992752075,0.0,0.0,0.0,43.99,10.85
11,2021-02-02,15:51:36,1612281096.5,4646,217.380126953125,-0.04628131911158562,-6.91509694661363e-06,-0.0048828125,-2.333966288419343e-39,-1.649022250571006e+19,9.609866719285855e-18,0.22053322196006775,-0.21390794217586517,0.0,0.0,0.0,0.0,10.85
11,2021-02-02,15:51:37,1612281097.5,4646,217.380126953125,-0.04628131911158562,-6.91509694661363e-06,-0.0048828125,-2.333966288419343e-39,-1.649022250571006e+19,-3.2958838130118997e-16,-0.2640278935432434,-0.940735936164856,0.0,0.0,0.0,0.0,2.43
11,2021-02-02,15:51:38,1612281098.5,4646,217.380126953125,-0.04628131911158562,-6.91509694661363e-06,-0.00499725341796875,-2.333966288419343e-39,-1.6876711837989601e+19,-3.9742804414017493e-16,-1.2331228256225586,-0.940735936164856,0.0,0.0,0.0,43.99,2.43
11,2021-02-02,15:51:39,1612281099.5,4646,217.380126953125,-0.04628131911158562,-6.91509694661363e-06,-0.004882868379354477,-2.333966288419343e-39,-1.6490409422686781e+19,7.744952294082592e-17,-0.5062947869300842,-0.940735936164856,0.0,0.0,0.0,43.99,10.85
11,2021-02-02,15:51:40,1612281100.5,4646,217.380126953125,-0.04628131911158562,-6.91509694661363e-06,-0.0048828125,-2.333966288419343e-39,-1.649022250571006e+19,-5.822978288480931e-17,0.22053322196006775,-0.21390794217586517,0.0,0.0,0.0,0.0,10.85
11,2021-02-02,15:51:41,1612281101.5,4646,217.380126953125,-0.04628131911158562,-6.91509694661363e-06,-0.0048828125,-2.333966288419343e-39,-1.649022250571006e+19,-3.2958838130118997e-16,-0.7485753297805786,-0.940735936164856,0.0,0.0,0.0,0.0,2.43
11,2021-02-02,15:51:42,1612281102.5,4646,217.380126953125,-0.04628131911158562,-6.91509694661363e-06,-0.004911426454782486,-2.333966288419343e-39,-1.6586856383652037e+19,-5.822978288480931e-17,-0.990855872631073,-0.21390794217586517,0.0,0.0,0.0,0.0,2.43
11,2021-02-02,15:51:43,1612281103.5,4646,217.380126953125,-0.04628131911158562,-6.91509694661363e-06,-0.0048828125,-2.333966288419343e-39,-1.649022250571006e+19,-1.2606944572379427e-16,-0.2640278935432434,-0.6984553933143616,0.0,0.0,0.0,0.0,2.43
11,2021-02-02,15:51:44,1612281104.5,4646,217.380126953125,-0.04628131911158562,-6.91509694661363e-06,-0.0048828125,-2.333966288419343e-39,-1.649022250571006e+19,-2.617487449319846e-16,-0.7485753297805786,-1.1830165386199951,0.0,0.0,0.0,43.93,2.43
11,2021-02-02,15:51:45,1612281105.5,4646,217.380126953125,-0.04628131911158562,-6.91509694661363e-06,-0.0048828125,-2.333966288419343e-39,-1.649022250571006e+19,2.1312882876646115e-16,-0.2640278935432434,-0.45618849992752075,0.0,0.0,0.0,43.93,10.85
11,2021-02-02,15:51:46,1612281106.5,4646,217.380126953125,-0.04628131911158562,-6.91509694661363e-06,-0.0048863887786865234,-2.333966288419343e-39,-1.6502299541429551e+19,2.809684783705563e-16,0.46280011534690857,-0.21390794217586517,0.0,0.0,0.0,43.95,10.85
11,2021-02-02,15:51:47,1612281107.5,4646,217.380126953125,-0.04628131911158562,-6.91509694661363e-06,-0.0048828125,-2.333966288419343e-39,-1.649022250571006e+19,-3.9742804414017493e-16,-0.5062947869300842,-0.6984553933143616,0.0,0.0,0.0,43.95,10.85
11,2021-02-02,15:51:48,1612281108.5,4646,217.380126953125,-0.04628131911158562,-6.91509694661363e-06,-0.0048828125,-2.333966288419343e-39,-1.649022250571006e+19,-3.2958838130118997e-16,-0.7485753297805786,-1.1830165386199951,0.0,0.0,0.0,43.99,10.85
11,2021-02-02,15:51:49,1612281109.5,4646,217.380126953125,-0.04628131911158562,-6.91509694661363e-06,-0.0048828125,-2.333966288419343e-39,-1.649022250571006e+19,9.609866719285855e-18,-0.7485753297805786,-0.6984553933143616,0.0,0.0,0.0,43.99,10.86
11,2021-02-02,15:51:50,1612281110.5,4646,217.380126953125,-0.04628131911158562,-6.91509694661363e-06,-0.0048828125,-2.333966288419343e-39,-1.649022250571006e+19,-5.331073433483653e-16,-0.7485753297805786,-0.21390794217586517,0.0,0.0,0.0,44.0,10.86
11,2021-02-02,15:51:51,1612281111.5,4646,217.380126953125,-0.04628131911158562,-6.91509694661363e-06,-0.0048828125,-2.333966288419343e-39,-1.649022250571006e+19,-5.822978288480931e-17,-0.021747330203652382,-0.45618849992752075,0.0,0.0,0.0,44.0,10.85
11,2021-02-02,15:51:52,1612281112.5,4646,217.380126953125,-0.04628131911158562,-6.91509694661363e-06,-0.0048828125,-2.333966288419343e-39,-1.649022250571006e+19,2.1312882876646115e-16,-0.021747330203652382,-0.6984553933143616,0.0,0.0,0.0,43.99,10.85
11,2021-02-02,15:51:53,1612281113.5,4646,217.380126953125,-0.04628131911158562,-6.91509694661363e-06,-0.0048828125,-2.333966288419343e-39,-1.649022250571006e+19,7.744952294082592e-17,-0.990855872631073,-0.940735936164856,0.0,0.0,0.0,43.99,10.85
11,2021-02-02,15:51:54,1612281114.5,4646,217.380126953125,-0.04628131911158562,-6.91509694661363e-06,-0.0048828125,-2.333966288419343e-39,-1.649022250571006e+19,2.1312882876646115e-16,-0.2640278935432434,-0.21390794217586517,0.0,0.0,0.0,0.0,10.85
11,2021-02-02,15:51:55,1612281115.5,4646,217.380126953125,-0.04628131911158562,-6.91509694661363e-06,-0.0048828125,-2.333966288419343e-39,-1.649022250571006e+19,-3.9742804414017493e-16,-0.7485753297805786,-0.940735936164856,0.0,0.0,0.0,0.0,2.43
11,2021-02-02,15:51:56,1612281116.5,4646,217.380126953125,-0.04628131911158562,-6.91509694661363e-06,-0.0048828125,-2.333966288419343e-39,-1.649022250571006e+19,7.744952294082592e-17,-0.021747330203652382,-0.940735936164856,0.0,0.0,0.0,43.98,2.43
11,2021-02-02,15:51:57,1612281117.5,4646,217.380126953125,-0.04628131911158562,-6.91509694661363e-06,-0.004883706569671631,-2.333966288419343e-39,-1.6493241764639932e+19,-5.822978288480931e-17,-0.2640278935432434,-0.21390794217586517,0.0,0.0,0.0,43.98,10.85
11,2021-02-02,15:51:58,1612281118.5,4646,217.380126953125,-0.04628131911158562,-6.91509694661363e-06,-0.0048828125,-2.333966288419343e-39,-1.649022250571006e+19,1.4528916592747618e-16,-0.7485753297805786,-0.45618849992752075,0.0,0.0,0.0,43.99,10.85
11,2021-02-02,15:51:59,1612281119.5,4646,217.380126953125,-0.04628131911158562,-6.91509694661363e-06,-0.0048828125,-2.333966288419343e-39,-1.649022250571006e+19,-1.9390909532788944e-16,-0.2640278935432434,-0.45618849992752075,0.0,0.0,0.0,43.99,10.85
11,2021-02-02,15:52:00,1612281120.5,4646,217.380126953125,-0.04628131911158562,-6.91509694661363e-06,-0.0048828125,-2.333966288419343e-39,-1.649022250571006e+19,9.609866719285855e-18,-0.5062947869300842,-0.6984553933143616,0.0,0.0,0.0,43.98,10.85
11,2021-02-02,15:52:01,1612281121.5,4646,217.380126953125,-0.04628131911158562,-6.91509694661363e-06,-0.0048828125,-2.333966288419343e-39,-1.649022250571006e+19,9.609866719285855e-18,-0.2640278935432434,-0.940735936164856,0.0,0.0,0.0,43.98,10.86
12,2021-02-02,15:51:33,1612281093.5,4646,251.79788208007812,4.194164276123047,0.5574523210525513,0.0649915412068367,-0.00885009765625,-0.9130935668945312,-1.456312894821167,-0.7618122696876526,-0.9378262758255005,0.0,0.0,0.0,0.0,0.0
12,2021-02-02,15:51:34,1612281094.5,4646,251.78135681152344,4.126495838165283,0.5548377633094788,0.0649949461221695,-0.00885009765625,-0.9131432771682739,-0.9717586636543274,-0.277264803647995,-0.45326516032218933,0.0,0.0,0.0,0.0,0.0
12,2021-02-02,15:51:35,1612281095.5,4646,251.8212432861328,4.09149169921875,0.566991925239563,0.0649007260799408,-0.00885009765625,-0.9131109118461609,0.23962360620498657,-0.03498424217104912,-0.6955457329750061,0.0,0.0,0.0,0.0,0.0
12,2021-02-02,15:51:36,1612281096.5,4646,251.99002075195312,4.123541355133057,0.5483168959617615,0.06482809782028198,-0.00885009765625,-0.9131431579589844,0.23962360620498657,-0.7618122696876526,-0.45326516032218933,0.0,0.0,0.0,0.0,0.0
12,2021-02-02,15:51:37,1612281097.5,4646,252.08702087402344,4.114377021789551,0.5370798707008362,0.06482447683811188,-0.00885009765625,-0.91280198097229,0.7241710424423218,0.20729631185531616,-0.2109982818365097,0.0,0.0,0.0,0.0,0.0
12,2021-02-02,15:51:38,1612281098.5,4646,252.24301147460938,4.104398250579834,0.6246269941329956,0.0641743391752243,-0.00885009765625,-0.9123302102088928,-0.4872044026851654,0.20729631185531616,-0.6955457329750061,0.0,0.0,0.0,0.0,0.0
12,2021-02-02,15:51:39,1612281099.5,4646,252.34060668945312,4.08560037612915,0.5743046998977661,0.0643085241317749,-0.00885009765625,-0.9132290482521057,-2.183140993118286,-0.277264803647995,-0.6955457329750061,0.0,0.0,0.0,0.0,0.0
12,2021-02-02,15:51:40,1612281100.5,4646,252.4367218017578,4.10015869140625,0.49531838297843933,0.06490150839090347,-0.00885009765625,-0.9130859971046448,-1.456312894821167,-0.03498424217104912,-0.6955457329750061,0.0,0.0,0.0,0.0,0.0
12,2021-02-02,15:51:41,1612281101.5,4646,252.57566833496094,4.141651630401611,0.5406800508499146,0.06419859826564789,-0.00885009765625,-0.9129360318183899,0.23962360620498657,-0.5195316672325134,0.031282275915145874,0.0,0.0,0.0,0.0,0.0
12,2021-02-02,15:51:42,1612281102.5,4646,252.72793579101562,4.145981788635254,0.6639923453330994,0.06458911299705505,-0.00885009765625,-0.9135818481445312,0.4818973243236542,-0.03498424217104912,-0.45326516032218933,0.0,0.0,0.0,0.0,0.0
12,2021-02-02,15:51:43,1612281103.5,4646,252.9077606201172,4.101903915405273,0.5647496581077576,0.06499151885509491,-0.00885009765625,-0.9131319522857666,-0.9717586636543274,-1.004092812538147,-0.6955457329750061,0.0,0.0,0.0,0.0,0.0
12,2021-02-02,15:51:44,1612281104.5,4646,253.0078887939453,4.065030097961426,0.554435133934021,0.06489498168230057,-0.00885009765625,-0.9130859375,-0.4872044026851654,-1.4886401891708374,-0.6955457329750061,0.0,0.0,0.0,0.0,0.0
12,2021-02-02,15:51:45,1612281105.5,4646,253.12132263183594,4.073765277862549,0.5148311257362366,0.06427282094955444,-0.00885009765625,-0.9135300517082214,-1.9408671855926514,-0.277264803647995,-0.9378262758255005,0.0,0.0,0.0,0.0,0.0
12,2021-02-02,15:51:46,1612281106.5,4646,253.24252319335938,4.111537933349609,0.5049660801887512,0.06466609239578247,-0.00885009765625,-0.9130862355232239,-1.456312894821167,-0.7618122696876526,-0.6955457329750061,0.0,0.0,0.0,0.0,0.0
12,2021-02-02,15:51:47,1612281107.5,4646,253.32962036132812,4.073009490966797,0.5923008322715759,0.06430502235889435,-0.00885009765625,-0.9130878448486328,-0.9717586636543274,-0.5195316672325134,-0.45326516032218933,0.0,0.0,0.0,0.0,0.0
12,2021-02-02,15:51:48,1612281108.5,4646,0.0,0.0,0.0,0.0,0.0,0.0,0.0,0.0,0.0,0.0,0.0,0.0,0.0,0.0
12,2021-02-02,15:51:49,1612281109.5,4646,254.5315399169922,2.878716230392456,0.2546257972717285,0.06445301324129105,-0.008850080892443657,-0.9124757647514343,-1.8218648433685303,-0.6319429874420166,-0.9194530844688416,0.0,0.0,0.0,0.0,0.0
12,2021-02-02,15:51:50,1612281110.5,4646,253.9900360107422,3.9512453079223633,0.3262864053249359,0.0641140416264534,-0.00885009765625,-0.9129235744476318,-1.8218648433685303,-0.38966241478919983,-0.6771724820137024,0.0,0.0,0.0,0.0,0.0
12,2021-02-02,15:51:51,1612281111.5,4646,253.47128295898438,4.1744303703308105,0.43545234203338623,0.0646028071641922,-0.00885009765625,-0.9134846925735474,-0.12593507766723633,-0.1473955363035202,0.0496554933488369,0.0,0.0,0.0,0.0,0.0
12,2021-02-02,15:51:52,1612281112.5,4646,253.016845703125,4.164651870727539,0.4320667088031769,0.06444281339645386,-0.00885009765625,-0.9130850434303284,0.11634548008441925,-0.1473955363035202,-0.6771724820137024,0.0,0.0,0.0,0.0,0.0
12,2021-02-02,15:51:53,1612281113.5,4646,252.62332153320312,4.19875955581665,0.5473836064338684,0.06426563858985901,-0.00885009765625,-0.9131661653518677,-0.12593507766723633,-1.1164904832839966,-0.6771724820137024,0.0,0.0,0.0,0.0,0.0
12,2021-02-02,15:51:54,1612281114.5,4646,252.274658203125,4.166283130645752,0.5360523462295532,0.06494889408349991,-0.00885009765625,-0.9125113487243652,-0.12593507766723633,0.579432487487793,-0.4348919689655304,0.0,0.0,0.0,0.0,0.0
12,2021-02-02,15:51:55,1612281115.5,4646,252.01300048828125,4.1577606201171875,0.4666614234447479,0.06484369933605194,-0.00885009765625,-0.9135441780090332,-0.12593507766723633,-0.874223530292511,-0.6771724820137024,0.0,0.0,0.0,0.0,0.0
12,2021-02-02,15:51:56,1612281116.5,4646,251.86473083496094,4.150670051574707,0.4547187089920044,0.06477923691272736,-0.00885009765625,-0.9130859375,-1.337310552597046,-0.874223530292511,-0.6771724820137024,0.0,0.0,0.0,0.0,0.0
12,2021-02-02,15:51:57,1612281117.5,4646,251.7528533935547,4.094044208526611,0.5014721155166626,0.0645231083035469,-0.00885009765625,-0.913542628288269,-1.337310552597046,-0.38966241478919983,-0.4348919689655304,0.0,0.0,0.0,0.0,0.0
12,2021-02-02,15:51:58,1612281118.5,4646,251.71939086914062,4.123241424560547,0.5425009727478027,0.0643123984336853,-0.00885009765625,-0.9130817651748657,-1.0950367450714111,-0.38966241478919983,-0.4348919689655304,0.0,0.0,0.0,0.0,0.0
12,2021-02-02,15:51:59,1612281119.5,4646,251.81454467773438,4.1490349769592285,0.5890135169029236,0.0641007274389267,-0.00885009765625,-0.9131292700767517,-2.3064191341400146,-0.6319429874420166,-0.6771724820137024,0.0,0.0,0.0,0.0,0.0
12,2021-02-02,15:52:00,1612281120.5,4646,251.89320373535156,4.082918643951416,0.5262757539749146,0.06422841548919678,-0.00885009765625,-0.9130926728248596,-0.12593507766723633,-0.38966241478919983,-0.19262506067752838,0.0,0.0,0.0,0.0,0.0
12,2021-02-02,15:52:01,1612281121.5,4646,252.0449981689453,4.0872650146484375,0.5476039052009583,0.064354307949543,-0.00885009765625,-0.9132574200630188,-0.6104825139045715,-0.6319429874420166,-0.6771724820137024,0.0,0.0,0.0,0.0,0.0
13,2021-02-02,15:51:33,1612281093.5,4646,216.9160919189453,38.878665924072266,-0.0008267668890766799,0.00213623046875,-6.08864182749133e-41,1.488380303218049e+18,2.419895375327956e-17,10320.2412109375,0.4596172571182251,0.0,0.0,0.0,39.78,13.1
13,2021-02-02,15:51:34,1612281094.5,4646,216.9160919189453,38.878665924072266,-0.0008267668890766799,0.0019073102157562971,-6.08864182749133e-41,1.3288843218591416e+18,-3.046199146589421e-17,-27759.8515625,-1.2363193035125732,0.0,0.0,0.0,39.78,13.06
13,2021-02-02,15:51:35,1612281095.5,4646,0.0,0.0,0.0,0.0,0.0,0.0,0.0,0.0,0.0,0.0,0.0,0.0,39.76,13.06
13,2021-02-02,15:51:36,1612281096.5,4646,216.3090362548828,-11.099248886108398,-0.0014706699876114726,0.0010638730600476265,-6.08864182749133e-41,7.412345269146092e+17,-4.169245058895926e-17,-12055.892578125,-0.5369076728820801,0.0,0.0,0.0,39.76,13.06
13,2021-02-02,15:51:37,1612281097.5,4646,216.3090362548828,-11.099248886108398,-0.0014706699876114726,0.002136211609467864,-6.08864182749133e-41,1.4883673839564227e+18,-6.902318624198094e-17,-6615.9296875,-0.2946271300315857,0.0,0.0,0.0,39.76,13.06
13,2021-02-02,15:51:38,1612281098.5,4646,216.3090362548828,-11.099248886108398,-0.0014706699876114726,0.002136080525815487,-6.08864182749133e-41,1.4882758496134103e+18,4.029869757892171e-17,-6614.9609375,-0.2946271300315857,0.0,0.0,0.0,39.76,13.06
13,2021-02-02,15:51:39,1612281099.5,4646,216.3090362548828,-11.099248886108398,-0.0014706699876114726,0.00213623046875,-6.08864182749133e-41,1.488380303218049e+18,2.6633594450206887e-17,-1175.96728515625,-0.05234658718109131,0.0,0.0,0.0,39.79,13.06
13,2021-02-02,15:51:40,1612281100.5,4646,216.3090362548828,-11.099248886108398,-0.0014706699876114726,0.0021183202043175697,-6.08864182749133e-41,1.4759019457544192e+18,5.396379739891408e-17,-6615.6875,-0.2946271300315857,0.0,0.0,0.0,39.79,13.06
13,2021-02-02,15:51:41,1612281101.5,4646,216.3090362548828,-11.099248886108398,-0.0014706699876114726,0.001601874828338623,-6.08864182749133e-41,1.1160776258743173e+18,1.296849297585329e-17,-6615.9296875,-0.2946271300315857,0.0,0.0,0.0,39.84,13.06
13,2021-02-02,15:51:42,1612281102.5,4646,216.3090362548828,-11.099248886108398,-0.0014706699876114726,0.002136202296242118,-6.08864182749133e-41,1.488360786886656e+18,2.6633594450206887e-17,4264.41552734375,0.1899203062057495,0.0,0.0,0.0,39.84,13.03
13,2021-02-02,15:51:43,1612281103.5,4646,216.3090362548828,-11.099248886108398,-0.0014706699876114726,0.00202178955078125,-6.08864182749133e-41,1.408645644117082e+18,-1.436224598589084e-17,-12055.1650390625,-0.5369076728820801,0.0,0.0,0.0,39.9,13.03
13,2021-02-02,15:51:44,1612281104.5,4646,0.0,0.0,0.0,0.0,0.0,0.0,0.0,0.0,0.0,0.0,0.0,0.0,39.9,13.03
13,2021-02-02,15:51:45,1612281105.5,4646,130.3241424560547,-18.74429702758789,-179.9951934814453,0.002136226976290345,-6.08864182749133e-41,1.4883781041947935e+18,-1.3204986394524038e-17,5073.20947265625,0.2259427309036255,0.0,0.0,0.0,39.88,13.03
13,2021-02-02,15:51:46,1612281106.5,4646,0.0,0.0,0.0,0.0,0.0,0.0,0.0,0.0,0.0,0.0,0.0,0.0,39.88,13.03
13,2021-02-02,15:51:47,1612281107.5,4646,127.46358489990234,-26.304866790771484,-179.9803009033203,0.0015256551560014486,-6.08864182749133e-41,1.0629729322396549e+18,2.7286230027343875e-17,-4810.03125,-0.2142084687948227,0.0,0.0,0.0,39.84,13.03
13,2021-02-02,15:51:48,1612281108.5,4646,127.46358489990234,-26.304866790771484,-179.9803009033203,0.0012014992535114288,-6.08864182749133e-41,8.371230734119076e+17,-4.4509984531890343e-20,-4810.03125,-0.2142084687948227,0.0,0.0,0.0,39.84,13.03
13,2021-02-02,15:51:49,1612281109.5,4646,127.46358489990234,-26.304866790771484,-179.9803009033203,0.002127871848642826,-6.08864182749133e-41,1.4825567398815334e+18,2.7286230027343875e-17,-10249.5087890625,-0.45648902654647827,0.0,0.0,0.0,39.77,13.03
13,2021-02-02,15:51:50,1612281110.5,4646,127.46358489990234,-26.304866790771484,-179.9803009033203,0.002106577157974243,-6.08864182749133e-41,1.467719929976324e+18,1.3621127725809666e-17,6069.58740234375,0.2703389823436737,0.0,0.0,0.0,39.77,13.03
13,2021-02-02,15:51:51,1612281111.5,4646,127.46358489990234,-26.304866790771484,-179.9803009033203,0.00212907325476408,-6.08864182749133e-41,1.4833938805471314e+18,1.3621127725809666e-17,-4809.30419921875,-0.2142084687948227,0.0,0.0,0.0,39.8,13.03
13,2021-02-02,15:51:52,1612281112.5,4646,0.0,0.0,0.0,0.0,0.0,0.0,0.0,0.0,0.0,0.0,0.0,0.0,39.8,13.03
13,2021-02-02,15:51:53,1612281113.5,4646,214.73681640625,7.823397159576416,0.00651567243039608,0.0021316076163202524,-6.08864182749133e-41,1.4851595587823862e+18,-3.940796302554501e-17,-7183.2607421875,-0.3199261724948883,0.0,0.0,0.0,39.76,13.03
13,2021-02-02,15:51:54,1612281114.5,4646,214.73681640625,7.823397159576416,0.00651567243039608,0.0012198055628687143,-6.08864182749133e-41,8.498776831720161e+17,-3.940796302554501e-17,-12624.1923828125,-0.5622067451477051,0.0,0.0,0.0,39.76,13.06
13,2021-02-02,15:51:55,1612281115.5,4646,0.0,0.0,0.0,0.0,0.0,0.0,0.0,0.0,0.0,0.0,0.0,0.0,39.69,13.06
13,2021-02-02,15:51:56,1612281116.5,4646,127.468505859375,70.43717956542969,-179.98379516601562,0.001678466796875,-6.08864182749133e-41,1.1694416668141814e+18,-4.627965925803027e-19,4844.11376953125,0.2157384306192398,0.0,0.0,0.0,39.69,13.1
13,2021-02-02,15:51:57,1612281117.5,4646,127.468505859375,70.43717956542969,-179.98379516601562,0.0019790232181549072,-6.08864182749133e-41,1.3788491538822595e+18,2.6867942989549285e-17,4844.11376953125,0.2157384306192398,0.0,0.0,0.0,39.74,13.1
13,2021-02-02,15:51:58,1612281118.5,4646,127.468505859375,70.43717956542969,-179.98379516601562,0.00152587890625,-6.08864182749133e-41,1.0631287880128922e+18,-2.779300057526326e-17,-11475.9521484375,-0.511089563369751,0.0,0.0,0.0,39.74,13.1
13,2021-02-02,15:51:59,1612281119.5,4646,0.0,0.0,0.0,0.0,0.0,0.0,0.0,0.0,0.0,0.0,0.0,0.0,39.74,13.1
13,2021-02-02,15:52:00,1612281120.5,4646,139.86126708984375,-26.487533569335938,-179.9568634033203,0.00190644059330225,-6.08864182749133e-41,1.328278490952237e+18,-6.317736188672578e-17,-27788.97265625,-1.237617015838623,0.0,0.0,0.0,39.74,13.1
13,2021-02-02,15:52:01,1612281121.5,4646,0.0,0.0,0.0,0.0,0.0,0.0,0.0,0.0,0.0,0.0,0.0,0.0,39.7,13.1
14,2021-02-02,15:51:33,1612281093.5,4646,0.0,0.0,0.0,0.0,0.0,0.0,0.0,0.0,0.0,0.0,0.0,0.0,40.06,12.81
14,2021-02-02,15:51:34,1612281094.5,4646,0.0,0.0,0.0,0.0,0.0,0.0,0.0,0.0,0.0,0.0,0.0,0.0,40.06,12.81
14,2021-02-02,15:51:35,1612281095.5,4646,0.0,0.0,0.0,0.0,0.0,0.0,0.0,0.0,0.0,0.0,0.0,0.0,40.1,12.81
14,2021-02-02,15:51:36,1612281096.5,4646,0.0,0.0,0.0,0.0,0.0,0.0,0.0,0.0,0.0,0.0,0.0,0.0,40.1,12.77
14,2021-02-02,15:51:37,1612281097.5,4646,0.0,0.0,0.0,0.0,0.0,0.0,0.0,0.0,0.0,0.0,0.0,0.0,40.06,12.77
14,2021-02-02,15:51:38,1612281098.5,4646,0.0,0.0,0.0,0.0,0.0,0.0,0.0,0.0,0.0,0.0,0.0,0.0,40.06,12.77
14,2021-02-02,15:51:39,1612281099.5,4646,0.0,0.0,0.0,0.0,0.0,0.0,0.0,0.0,0.0,0.0,0.0,0.0,40.09,12.77
14,2021-02-02,15:51:40,1612281100.5,4646,0.0,0.0,0.0,0.0,0.0,0.0,0.0,0.0,0.0,0.0,0.0,0.0,40.09,12.77
14,2021-02-02,15:51:41,1612281101.5,4646,0.0,0.0,0.0,0.0,0.0,0.0,0.0,0.0,0.0,0.0,0.0,0.0,40.13,12.77
14,2021-02-02,15:51:42,1612281102.5,4646,0.0,0.0,0.0,0.0,0.0,0.0,0.0,0.0,0.0,0.0,0.0,0.0,40.13,12.77
14,2021-02-02,15:51:43,1612281103.5,4646,0.0,0.0,0.0,0.0,0.0,0.0,0.0,0.0,0.0,0.0,0.0,0.0,40.09,12.77
14,2021-02-02,15:51:44,1612281104.5,4646,0.0,0.0,0.0,0.0,0.0,0.0,0.0,0.0,0.0,0.0,0.0,0.0,40.09,12.77
14,2021-02-02,15:51:45,1612281105.5,4646,0.0,0.0,0.0,0.0,0.0,0.0,0.0,0.0,0.0,0.0,0.0,0.0,40.06,12.77
14,2021-02-02,15:51:46,1612281106.5,4646,0.0,0.0,0.0,0.0,0.0,0.0,0.0,0.0,0.0,0.0,0.0,0.0,40.06,12.77
14,2021-02-02,15:51:47,1612281107.5,4646,0.0,0.0,0.0,0.0,0.0,0.0,0.0,0.0,0.0,0.0,0.0,0.0,40.04,12.77
14,2021-02-02,15:51:48,1612281108.5,4646,0.0,0.0,0.0,0.0,0.0,0.0,0.0,0.0,0.0,0.0,0.0,0.0,40.04,12.81
14,2021-02-02,15:51:49,1612281109.5,4646,0.0,0.0,0.0,0.0,0.0,0.0,0.0,0.0,0.0,0.0,0.0,0.0,40.04,12.81
14,2021-02-02,15:51:50,1612281110.5,4646,0.0,0.0,0.0,0.0,0.0,0.0,0.0,0.0,0.0,0.0,0.0,0.0,40.04,12.81
14,2021-02-02,15:51:51,1612281111.5,4646,0.0,0.0,0.0,0.0,0.0,0.0,0.0,0.0,0.0,0.0,0.0,0.0,40.09,12.81
14,2021-02-02,15:51:52,1612281112.5,4646,0.0,0.0,0.0,0.0,0.0,0.0,0.0,0.0,0.0,0.0,0.0,0.0,40.09,12.77
14,2021-02-02,15:51:53,1612281113.5,4646,0.0,0.0,0.0,0.0,0.0,0.0,0.0,0.0,0.0,0.0,0.0,0.0,40.13,12.77
14,2021-02-02,15:51:54,1612281114.5,4646,0.0,0.0,0.0,0.0,0.0,0.0,0.0,0.0,0.0,0.0,0.0,0.0,40.13,12.77
14,2021-02-02,15:51:55,1612281115.5,4646,0.0,0.0,0.0,0.0,0.0,0.0,0.0,0.0,0.0,0.0,0.0,0.0,40.15,12.77
14,2021-02-02,15:51:56,1612281116.5,4646,0.0,0.0,0.0,0.0,0.0,0.0,0.0,0.0,0.0,0.0,0.0,0.0,40.15,12.77
14,2021-02-02,15:51:57,1612281117.5,4646,0.0,0.0,0.0,0.0,0.0,0.0,0.0,0.0,0.0,0.0,0.0,0.0,40.15,12.77
14,2021-02-02,15:51:58,1612281118.5,4646,0.0,0.0,0.0,0.0,0.0,0.0,0.0,0.0,0.0,0.0,0.0,0.0,40.15,12.77
14,2021-02-02,15:51:59,1612281119.5,4646,0.0,0.0,0.0,0.0,0.0,0.0,0.0,0.0,0.0,0.0,0.0,0.0,40.16,12.77
14,2021-02-02,15:52:00,1612281120.5,4646,0.0,0.0,0.0,0.0,0.0,0.0,0.0,0.0,0.0,0.0,0.0,0.0,40.16,12.77
14,2021-02-02,15:52:01,1612281121.5,4646,0.0,0.0,0.0,0.0,0.0,0.0,0.0,0.0,0.0,0.0,0.0,0.0,40.14,12.77
15,2021-02-02,15:51:33,1612281093.5,4646,0.0,0.0,0.0,0.0,0.0,0.0,0.0,0.0,0.0,0.0,0.0,0.0,41.22,12.19
15,2021-02-02,15:51:34,1612281094.5,4646,0.0,0.0,0.0,0.0,0.0,0.0,0.0,0.0,0.0,0.0,0.0,0.0,41.25,12.19
15,2021-02-02,15:51:35,1612281095.5,4646,0.0,0.0,0.0,0.0,0.0,0.0,0.0,0.0,0.0,0.0,0.0,0.0,41.25,12.19
15,2021-02-02,15:51:36,1612281096.5,4646,0.0,0.0,0.0,0.0,0.0,0.0,0.0,0.0,0.0,0.0,0.0,0.0,41.23,12.19
15,2021-02-02,15:51:37,1612281097.5,4646,0.0,0.0,0.0,0.0,0.0,0.0,0.0,0.0,0.0,0.0,0.0,0.0,41.23,12.19
15,2021-02-02,15:51:38,1612281098.5,4646,0.0,0.0,0.0,0.0,0.0,0.0,0.0,0.0,0.0,0.0,0.0,0.0,41.26,12.19
15,2021-02-02,15:51:39,1612281099.5,4646,0.0,0.0,0.0,0.0,0.0,0.0,0.0,0.0,0.0,0.0,0.0,0.0,41.26,12.19
15,2021-02-02,15:51:40,1612281100.5,4646,0.0,0.0,0.0,0.0,0.0,0.0,0.0,0.0,0.0,0.0,0.0,0.0,41.26,12.19
15,2021-02-02,15:51:41,1612281101.5,4646,0.0,0.0,0.0,0.0,0.0,0.0,0.0,0.0,0.0,0.0,0.0,0.0,41.26,12.16
15,2021-02-02,15:51:42,1612281102.5,4646,0.0,0.0,0.0,0.0,0.0,0.0,0.0,0.0,0.0,0.0,0.0,0.0,41.24,12.16
15,2021-02-02,15:51:43,1612281103.5,4646,0.0,0.0,0.0,0.0,0.0,0.0,0.0,0.0,0.0,0.0,0.0,0.0,41.24,12.19
15,2021-02-02,15:51:44,1612281104.5,4646,0.0,0.0,0.0,0.0,0.0,0.0,0.0,0.0,0.0,0.0,0.0,0.0,41.2,12.19
15,2021-02-02,15:51:45,1612281105.5,4646,0.0,0.0,0.0,0.0,0.0,0.0,0.0,0.0,0.0,0.0,0.0,0.0,41.2,12.19
15,2021-02-02,15:51:46,1612281106.5,4646,0.0,0.0,0.0,0.0,0.0,0.0,0.0,0.0,0.0,0.0,0.0,0.0,41.21,12.19
15,2021-02-02,15:51:47,1612281107.5,4646,0.0,0.0,0.0,0.0,0.0,0.0,0.0,0.0,0.0,0.0,0.0,0.0,41.21,12.19
15,2021-02-02,15:51:48,1612281108.5,4646,0.0,0.0,0.0,0.0,0.0,0.0,0.0,0.0,0.0,0.0,0.0,0.0,41.21,12.19
15,2021-02-02,15:51:49,1612281109.5,4646,0.0,0.0,0.0,0.0,0.0,0.0,0.0,0.0,0.0,0.0,0.0,0.0,41.21,12.19
15,2021-02-02,15:51:50,1612281110.5,4646,0.0,0.0,0.0,0.0,0.0,0.0,0.0,0.0,0.0,0.0,0.0,0.0,41.22,12.19
15,2021-02-02,15:51:51,1612281111.5,4646,0.0,0.0,0.0,0.0,0.0,0.0,0.0,0.0,0.0,0.0,0.0,0.0,41.22,12.19
15,2021-02-02,15:51:52,1612281112.5,4646,0.0,0.0,0.0,0.0,0.0,0.0,0.0,0.0,0.0,0.0,0.0,0.0,41.26,12.19
15,2021-02-02,15:51:53,1612281113.5,4646,0.0,0.0,0.0,0.0,0.0,0.0,0.0,0.0,0.0,0.0,0.0,0.0,41.26,12.16
15,2021-02-02,15:51:54,1612281114.5,4646,0.0,0.0,0.0,0.0,0.0,0.0,0.0,0.0,0.0,0.0,0.0,0.0,41.27,12.16
15,2021-02-02,15:51:55,1612281115.5,4646,0.0,0.0,0.0,0.0,0.0,0.0,0.0,0.0,0.0,0.0,0.0,0.0,41.27,12.16
15,2021-02-02,15:51:56,1612281116.5,4646,0.0,0.0,0.0,0.0,0.0,0.0,0.0,0.0,0.0,0.0,0.0,0.0,41.21,12.16
15,2021-02-02,15:51:57,1612281117.5,4646,0.0,0.0,0.0,0.0,0.0,0.0,0.0,0.0,0.0,0.0,0.0,0.0,41.21,12.19
15,2021-02-02,15:51:58,1612281118.5,4646,0.0,0.0,0.0,0.0,0.0,0.0,0.0,0.0,0.0,0.0,0.0,0.0,41.2,12.19
15,2021-02-02,15:51:59,1612281119.5,4646,0.0,0.0,0.0,0.0,0.0,0.0,0.0,0.0,0.0,0.0,0.0,0.0,41.2,12.19
15,2021-02-02,15:52:00,1612281120.5,4646,0.0,0.0,0.0,0.0,0.0,0.0,0.0,0.0,0.0,0.0,0.0,0.0,41.21,12.19
15,2021-02-02,15:52:01,1612281121.5,4646,0.0,0.0,0.0,0.0,0.0,0.0,0.0,0.0,0.0,0.0,0.0,0.0,41.21,12.19
16,2021-02-02,15:51:33,1612281093.5,4646,27.425472259521484,6.773404598236084,1.6552977561950684,0.14300000667572021,-0.0430000014603138,-0.9850000739097595,0.0,-494.8796691894531,0.0,0.09636363387107849,-0.06272727251052856,0.1369697004556656,40.6,12.44
16,2021-02-02,15:51:34,1612281094.5,4646,28.322601318359375,6.767697811126709,1.6526873111724854,0.14300000667572021,-0.0430000014603138,-0.9860000610351562,0.0,-496.8127136230469,0.0,0.09454545378684998,-0.06333333253860474,0.13787879049777985,40.63,12.44
16,2021-02-02,15:51:35,1612281095.5,4646,26.347360610961914,6.768289089202881,1.647545576095581,0.14300000667572021,-0.0430000014603138,-0.9860000610351562,0.0,-494.8796691894531,0.0,0.0939393937587738,-0.06060606241226196,0.1390909105539322,40.63,12.44
16,2021-02-02,15:51:36,1612281096.5,4646,28.176015853881836,6.767919063568115,1.5965179204940796,0.14300000667572021,-0.04200000315904617,-0.9860000610351562,0.0,-494.8796691894531,0.0,0.09787879139184952,-0.064242422580719,0.13787879049777985,40.62,12.44
16,2021-02-02,15:51:37,1612281097.5,4646,28.44301414489746,6.771566390991211,1.6225342750549316,0.14300000667572021,-0.04200000315904617,-0.9850000739097595,0.0,-494.8796691894531,0.0,0.09575757384300232,-0.06393939256668091,0.13606061041355133,40.62,12.44
16,2021-02-02,15:51:38,1612281098.5,4646,28.474199295043945,6.791128158569336,1.6235817670822144,0.14300000667572021,-0.04200000315904617,-0.9860000610351562,-7.7324323654174805,-494.8796691894531,0.0,0.09575757384300232,-0.06393939256668091,0.13787879049777985,40.6,12.44
16,2021-02-02,15:51:39,1612281099.5,4646,29.595121383666992,6.7739434242248535,1.6539450883865356,0.14300000667572021,-0.0430000014603138,-0.9850000739097595,0.0,-494.8796691894531,0.0,0.09575757384300232,-0.06545454263687134,0.13515152037143707,40.6,12.44
16,2021-02-02,15:51:40,1612281100.5,4646,25.494003295898438,6.774630546569824,1.6251373291015625,0.14300000667572021,-0.04200000315904617,-0.9850000739097595,0.0,-494.8796691894531,0.0,0.09878788143396378,-0.06090909242630005,0.1366666704416275,40.64,12.44
16,2021-02-02,15:51:41,1612281101.5,4646,28.182884216308594,6.774626731872559,1.5949708223342896,0.14300000667572021,-0.04200000315904617,-0.9850000739097595,0.0,-494.8796691894531,0.0,0.09696969389915466,-0.06393939256668091,0.13545455038547516,40.64,12.44
16,2021-02-02,15:51:42,1612281102.5,4646,26.9520320892334,6.767902374267578,1.5929014682769775,0.14300000667572021,-0.04200000315904617,-0.9860000610351562,0.0,-494.8796691894531,0.0,0.09515151381492615,-0.06181818246841431,0.13757576048374176,40.64,12.44
16,2021-02-02,15:51:43,1612281103.5,4646,28.244762420654297,6.773961067199707,1.5943338871002197,0.14300000667572021,-0.04200000315904617,-0.9850000739097595,0.0,-494.8796691894531,0.0,0.09666666388511658,-0.06393939256668091,0.13424243032932281,40.64,12.44
16,2021-02-02,15:51:44,1612281104.5,4646,29.644847869873047,6.774827003479004,1.5945396423339844,0.14300000667572021,-0.04200000315904617,-0.9850000739097595,-7.7324323654174805,-502.6120910644531,0.0,0.09545454382896423,-0.06545454263687134,0.13545455038547516,40.62,12.44
16,2021-02-02,15:51:45,1612281105.5,4646,28.665401458740234,6.768399238586426,1.6466376781463623,0.14300000667572021,-0.0430000014603138,-0.9860000610351562,0.0,-494.8796691894531,0.0,0.0939393937587738,-0.06363636255264282,0.13606061041355133,40.62,12.44
16,2021-02-02,15:51:46,1612281106.5,4646,30.664934158325195,6.769484996795654,1.654040813446045,0.14300000667572021,-0.0430000014603138,-0.9860000610351562,0.0,-494.8796691894531,0.0,0.09484848380088806,-0.06666667014360428,0.13969697058200836,40.65,12.44
16,2021-02-02,15:51:47,1612281107.5,4646,29.017786026000977,6.774458408355713,1.655785322189331,0.14300000667572021,-0.0430000014603138,-0.9850000739097595,0.0,-494.8796691894531,0.0,0.09636363387107849,-0.06484848260879517,0.1366666704416275,40.65,12.44
16,2021-02-02,15:51:48,1612281108.5,4646,27.890361785888672,6.767729759216309,1.6460541486740112,0.14300000667572021,-0.0430000014603138,-0.9860000610351562,0.0,-494.8796691894531,0.0,0.09545454382896423,-0.06303030252456665,0.13606061041355133,40.64,12.44
16,2021-02-02,15:51:49,1612281109.5,4646,28.331892013549805,6.773787021636963,1.6477084159851074,0.14300000667572021,-0.0430000014603138,-0.9850000739097595,0.0,-494.8796691894531,0.0,0.09545454382896423,-0.06363636255264282,0.1369697004556656,40.64,12.44
16,2021-02-02,15:51:50,1612281110.5,4646,28.109882354736328,6.767926216125488,1.6522047519683838,0.14300000667572021,-0.0430000014603138,-0.9860000610351562,0.0,-494.8796691894531,-7.7324323654174805,0.0981818214058876,-0.064242422580719,0.13727273046970367,40.62,12.44
16,2021-02-02,15:51:51,1612281111.5,4646,27.113000869750977,6.76753044128418,1.6406484842300415,0.14300000667572021,-0.0430000014603138,-0.9860000610351562,0.0,-494.8796691894531,0.0,0.09575757384300232,-0.06212121248245239,0.13727273046970367,40.62,12.44
16,2021-02-02,15:51:52,1612281112.5,4646,27.86147689819336,6.770381927490234,1.6239253282546997,0.14300000667572021,-0.04200000315904617,-0.9860000610351562,0.0,-494.8796691894531,0.0,0.09636363387107849,-0.06333333253860474,0.13787879049777985,40.62,12.44
16,2021-02-02,15:51:53,1612281113.5,4646,27.587080001831055,6.77457857131958,1.6237107515335083,0.14300000667572021,-0.04200000315904617,-0.9850000739097595,0.0,-494.8796691894531,0.0,0.09363636374473572,-0.06212121248245239,0.13787879049777985,40.62,12.44
16,2021-02-02,15:51:54,1612281114.5,4646,27.927534103393555,6.76790189743042,1.5933501720428467,0.14300000667572021,-0.04200000315904617,-0.9860000610351562,0.0,-494.8796691894531,0.0,0.09696969389915466,-0.06363636255264282,0.13727273046970367,40.61,12.44
16,2021-02-02,15:51:55,1612281115.5,4646,27.68555450439453,6.76749849319458,1.6502605676651,0.14300000667572021,-0.0430000014603138,-0.9860000610351562,0.0,-494.8796691894531,0.0,0.09696969389915466,-0.06333333253860474,0.13636364042758942,40.61,12.44
16,2021-02-02,15:51:56,1612281116.5,4646,27.47513771057129,6.77117919921875,1.6203770637512207,0.14300000667572021,-0.04200000315904617,-0.9850000739097595,0.0,-494.8796691894531,0.0,0.09515151381492615,-0.06242424249649048,0.13818182051181793,40.62,12.44
16,2021-02-02,15:51:57,1612281117.5,4646,28.393747329711914,6.774629592895508,1.6541274785995483,0.14300000667572021,-0.0430000014603138,-0.9850000739097595,0.0,-494.8796691894531,0.0,0.09333333373069763,-0.06303030252456665,0.13575758039951324,40.62,12.44
16,2021-02-02,15:51:58,1612281118.5,4646,28.022119522094727,6.768470764160156,1.5998505353927612,0.14300000667572021,-0.04200000315904617,-0.9860000610351562,-123.71990203857422,-502.6120910644531,0.0,0.09757576137781143,-0.06393939256668091,0.13757576048374176,40.6,12.44
16,2021-02-02,15:51:59,1612281119.5,4646,29.004446029663086,6.772869110107422,1.6535383462905884,0.14300000667572021,-0.0430000014603138,-0.9850000739097595,0.0,-494.8796691894531,0.0,0.09696969389915466,-0.06515151262283325,0.13818182051181793,40.6,12.44
16,2021-02-02,15:52:00,1612281120.5,4646,27.45846176147461,6.774511337280273,1.6557776927947998,0.14300000667572021,-0.0430000014603138,-0.9850000739097595,0.0,-494.8796691894531,0.0,0.0960606038570404,-0.06272727251052856,0.14000000059604645,40.53,12.44
16,2021-02-02,15:52:01,1612281121.5,4646,30.182634353637695,6.7677202224731445,1.6483854055404663,0.14300000667572021,-0.0430000014603138,-0.9860000610351562,0.0,-494.8796691894531,0.0,0.09515151381492615,-0.0660606101155281,0.13818182051181793,40.53,12.48
17,2021-02-02,15:51:33,1612281093.5,4646,1.5776785612106323,5.5483222007751465,0.9084197282791138,0.12400000542402267,-0.03100000135600567,-0.9970000386238098,0.0,0.0,0.0,0.10090909153223038,-0.03454545512795448,0.1239393949508667,41.37,12.28
17,2021-02-02,15:51:34,1612281094.5,4646,3.8948681354522705,5.550385475158691,0.9084796905517578,0.12400000542402267,-0.03100000135600567,-0.9970000386238098,0.0,0.0,0.0,0.10090909153223038,-0.03696969896554947,0.12727272510528564,41.37,12.24
17,2021-02-02,15:51:35,1612281095.5,4646,0.15522977709770203,5.555174350738525,0.9218788743019104,0.12400000542402267,-0.03100000135600567,-0.9970000386238098,0.0,0.0,0.0,0.1024242416024208,-0.03303030505776405,0.1260606050491333,41.39,12.24
17,2021-02-02,15:51:36,1612281096.5,4646,4.440406322479248,5.522939205169678,0.9086148142814636,0.12300000339746475,-0.03100000135600567,-0.9970000386238098,0.0,0.0,0.0,0.10181818157434464,-0.03757575899362564,0.12696969509124756,41.39,12.25
17,2021-02-02,15:51:37,1612281097.5,4646,1.3055773973464966,5.528151035308838,0.9093536734580994,0.12300000339746475,-0.03100000135600567,-0.9960000514984131,0.0,0.0,0.0,0.10181818157434464,-0.0342424251139164,0.12727272510528564,41.46,12.25
17,2021-02-02,15:51:38,1612281098.5,4646,0.1486119031906128,5.554783821105957,0.9088736176490784,0.12400000542402267,-0.03100000135600567,-0.9960000514984131,0.0,0.0,0.0,0.10151515156030655,-0.03303030505776405,0.12515151500701904,41.46,12.25
17,2021-02-02,15:51:39,1612281099.5,4646,2.6769707202911377,5.554041862487793,0.9141185879707336,0.12400000542402267,-0.03100000135600567,-0.9970000386238098,0.0,0.0,0.0,0.10272727161645889,-0.03575757518410683,0.12363636493682861,41.5,12.25
17,2021-02-02,15:51:40,1612281100.5,4646,2.7198452949523926,5.553102016448975,0.908523678779602,0.12400000542402267,-0.03100000135600567,-0.9970000386238098,0.0,0.0,0.0,0.10212121158838272,-0.03575757518410683,0.12666666507720947,41.5,12.21
17,2021-02-02,15:51:41,1612281101.5,4646,0.43965020775794983,5.559027671813965,0.9092637896537781,0.12400000542402267,-0.03100000135600567,-0.9960000514984131,0.0,0.0,0.0,0.10151515156030655,-0.03333333507180214,0.12575757503509521,41.52,12.21
17,2021-02-02,15:51:42,1612281102.5,4646,1.5473875999450684,5.522582054138184,0.9084262251853943,0.12300000339746475,-0.03100000135600567,-0.9970000386238098,0.0,0.0,0.0,0.10333333164453506,-0.03454545512795448,0.12484848499298096,41.52,12.21
17,2021-02-02,15:51:43,1612281103.5,4646,1.0014796257019043,5.552518367767334,0.9084197282791138,0.12400000542402267,-0.03100000135600567,-0.9970000386238098,0.0,0.0,0.0,0.10151515156030655,-0.03393939509987831,0.12454545497894287,41.49,12.21
17,2021-02-02,15:51:44,1612281104.5,4646,1.553424596786499,5.5529866218566895,0.9084197282791138,0.12400000542402267,-0.03100000135600567,-0.9970000386238098,0.0,0.0,0.0,0.10333333164453506,-0.03454545512795448,0.12575757503509521,41.49,12.21
17,2021-02-02,15:51:45,1612281105.5,4646,359.0440368652344,5.552041530609131,0.9084197282791138,0.12400000542402267,-0.03100000135600567,-0.9970000386238098,0.0,0.0,0.0,0.10363636165857315,-0.03181818127632141,0.12696969509124756,41.44,12.21
17,2021-02-02,15:51:46,1612281106.5,4646,359.5713195800781,5.508934020996094,0.9084197282791138,0.12300000339746475,-0.03100000135600567,-0.9970000386238098,0.0,0.0,0.0,0.1003030315041542,-0.03242424130439758,0.12515151500701904,41.44,12.21
17,2021-02-02,15:51:47,1612281107.5,4646,1.850853681564331,5.522851467132568,0.9085096120834351,0.12300000339746475,-0.03100000135600567,-0.9970000386238098,0.0,0.0,0.0,0.10333333164453506,-0.03484848514199257,0.12787878513336182,41.5,12.21
17,2021-02-02,15:51:48,1612281108.5,4646,1.8543199300765991,5.554117679595947,0.9094353318214417,0.12400000542402267,-0.03100000135600567,-0.9960000514984131,0.0,0.0,0.0,0.10212121158838272,-0.03484848514199257,0.12454545497894287,41.5,12.21
17,2021-02-02,15:51:49,1612281109.5,4646,1.2733464241027832,5.553992748260498,0.9084351062774658,0.12400000542402267,-0.03100000135600567,-0.9970000386238098,0.0,0.0,0.0,0.10303030163049698,-0.0342424251139164,0.12515151500701904,41.47,12.21
17,2021-02-02,15:51:50,1612281110.5,4646,1.5397416353225708,5.55837345123291,0.920670211315155,0.12400000542402267,-0.03100000135600567,-0.9960000514984131,0.0,0.0,0.0,0.1024242416024208,-0.03454545512795448,0.12212121486663818,41.47,12.21
17,2021-02-02,15:51:51,1612281111.5,4646,1.860094666481018,5.524289608001709,0.9086559414863586,0.12300000339746475,-0.03100000135600567,-0.9970000386238098,0.0,0.0,0.0,0.10333333164453506,-0.03484848514199257,0.12727272510528564,41.49,12.21
17,2021-02-02,15:51:52,1612281112.5,4646,3.2377753257751465,5.551127910614014,0.9197804927825928,0.12400000542402267,-0.03100000135600567,-0.9970000386238098,0.0,0.0,0.0,0.10333333164453506,-0.036363635212183,0.1260606050491333,41.49,12.21
17,2021-02-02,15:51:53,1612281113.5,4646,0.7397630214691162,5.550419807434082,0.9091349840164185,0.12400000542402267,-0.03100000135600567,-0.9970000386238098,0.0,0.0,0.0,0.10151515156030655,-0.033636365085840225,0.12575757503509521,41.41,12.21
17,2021-02-02,15:51:54,1612281114.5,4646,1.6100142002105713,5.553918361663818,0.9084252119064331,0.12400000542402267,-0.03100000135600567,-0.9970000386238098,0.0,0.0,0.0,0.10000000149011612,-0.03454545512795448,0.1260606050491333,41.41,12.25
17,2021-02-02,15:51:55,1612281115.5,4646,1.8139084577560425,5.552251815795898,0.9084498286247253,0.12400000542402267,-0.03100000135600567,-0.9970000386238098,0.0,0.0,0.0,0.10393939167261124,-0.03484848514199257,0.12454545497894287,41.41,12.25
17,2021-02-02,15:51:56,1612281116.5,4646,3.2796268463134766,5.553893566131592,0.9084206223487854,0.12400000542402267,-0.03100000135600567,-0.9970000386238098,0.0,0.0,0.0,0.10181818157434464,-0.036363635212183,0.12515151500701904,41.41,12.25
17,2021-02-02,15:51:57,1612281117.5,4646,3.0418879985809326,5.555664539337158,0.9093207120895386,0.12400000542402267,-0.03100000135600567,-0.9960000514984131,0.0,0.0,0.0,0.10060606151819229,-0.03606060519814491,0.12666666507720947,41.47,12.25
17,2021-02-02,15:51:58,1612281118.5,4646,2.9497668743133545,5.550140857696533,0.9087753295898438,0.12400000542402267,-0.03100000135600567,-0.9970000386238098,0.0,0.0,0.0,0.10333333164453506,-0.03606060519814491,0.1239393949508667,41.47,12.21
17,2021-02-02,15:51:59,1612281119.5,4646,2.1531686782836914,5.555181980133057,0.9092715978622437,0.12400000542402267,-0.03100000135600567,-0.9960000514984131,0.0,0.0,0.0,0.10212121158838272,-0.035151515156030655,0.12757575511932373,41.5,12.21
17,2021-02-02,15:52:00,1612281120.5,4646,0.720750629901886,5.553955554962158,0.9084263443946838,0.12400000542402267,-0.03100000135600567,-0.9970000386238098,0.0,0.0,0.0,0.10333333164453506,-0.033636365085840225,0.12666666507720947,41.5,12.21
17,2021-02-02,15:52:01,1612281121.5,4646,1.3084841966629028,5.523948669433594,0.9084197282791138,0.12300000339746475,-0.03100000135600567,-0.9970000386238098,0.0,0.0,0.0,0.10151515156030655,-0.0342424251139164,0.12727272510528564,41.51,12.21
18,2021-02-02,15:51:33,1612281093.5,4646,0.0,0.0,0.0,0.0,0.0,0.0,0.0,0.0,0.0,0.0,0.0,0.0,40.01,12.92
18,2021-02-02,15:51:34,1612281094.5,4646,0.0,0.0,0.0,0.0,0.0,0.0,0.0,0.0,0.0,0.0,0.0,0.0,40.01,116.16
18,2021-02-02,15:51:35,1612281095.5,4646,0.0,0.0,0.0,0.0,0.0,0.0,0.0,0.0,0.0,0.0,0.0,0.0,0.0,116.16
18,2021-02-02,15:51:36,1612281096.5,4646,61.4757194519043,0.011331857182085514,1.1718440873664804e-05,-0.0009155268780887127,0.000457763671875,-1.0080251693725586,0.0,0.45571038126945496,0.31892895698547363,0.07939393818378448,-0.10090909153223038,0.12030303478240967,0.0,55.77
18,2021-02-02,15:51:37,1612281097.5,4646,0.0,0.0,0.0,0.0,0.0,0.0,0.0,0.0,0.0,0.0,0.0,0.0,39.98,55.77
18,2021-02-02,15:51:38,1612281098.5,4646,60.70648956298828,0.01629456877708435,-0.0023956261575222015,-0.0009155238512903452,1.1263182386755943e-07,-1.0075404644012451,0.0,-0.3606067895889282,-0.08141588419675827,0.07848484814167023,-0.09969697147607803,0.11939393728971481,39.98,12.88
18,2021-02-02,15:51:39,1612281099.5,4646,0.0,0.0,0.0,0.0,0.0,0.0,0.0,0.0,0.0,0.0,0.0,0.0,39.98,12.88
18,2021-02-02,15:51:40,1612281100.5,4646,61.2772331237793,0.004744839854538441,7.776668098813388e-06,-0.0009155268780887127,0.0,-1.0081095695495605,0.0,0.6127638220787048,-0.7716067433357239,0.07757575809955597,-0.10000000149011612,0.12424242496490479,39.98,12.88
18,2021-02-02,15:51:41,1612281101.5,4646,0.0,0.0,0.0,0.0,0.0,0.0,0.0,0.0,0.0,0.0,0.0,0.0,40.01,12.88
18,2021-02-02,15:51:42,1612281102.5,4646,60.55647277832031,0.027496449649333954,3.1032750484882854e-06,-0.0009155268780887127,0.0,-1.007564902305603,0.0,-0.32819071412086487,0.27042093873023987,0.0769696980714798,-0.1003030315041542,0.12090909481048584,40.01,116.16
18,2021-02-02,15:51:43,1612281103.5,4646,60.817588806152344,0.08706773817539215,-0.001669213525019586,-0.00091552734375,2.0463630789890885e-11,-1.008015751838684,0.0,0.4176661968231201,-0.47542232275009155,0.07878787815570831,-0.10333333164453506,0.12212121486663818,0.0,116.16
18,2021-02-02,15:51:44,1612281104.5,4646,0.0,0.0,0.0,0.0,0.0,0.0,0.0,0.0,0.0,0.0,0.0,0.0,0.0,55.76
18,2021-02-02,15:51:45,1612281105.5,4646,61.697269439697266,0.02796171046793461,-0.0030840374529361725,-0.0009154959116131067,2.6193447411060333e-09,-1.0078706741333008,0.0,0.8105661273002625,-0.5722744464874268,0.07848484814167023,-0.10000000149011612,0.12242424488067627,39.96,55.76
18,2021-02-02,15:51:46,1612281106.5,4646,0.0,0.0,0.0,0.0,0.0,0.0,0.0,0.0,0.0,0.0,0.0,0.0,39.96,12.88
18,2021-02-02,15:51:47,1612281107.5,4646,0.0,0.0,0.0,0.0,0.0,0.0,0.0,0.0,0.0,0.0,0.0,0.0,39.98,12.88
18,2021-02-02,15:51:48,1612281108.5,4646,61.89611053466797,0.023749733343720436,-0.0003645380784291774,-0.0009155264706350863,3.5762786865234375e-06,-1.0079524517059326,0.0,0.42154577374458313,0.5704166293144226,0.07787878811359406,-0.10121212154626846,0.1239393949508667,39.98,12.88
18,2021-02-02,15:51:49,1612281109.5,4646,0.0,0.0,0.0,0.0,0.0,0.0,0.0,0.0,0.0,0.0,0.0,0.0,39.98,12.88
18,2021-02-02,15:51:50,1612281110.5,4646,60.59639358520508,0.03747541084885597,1.2333549420873169e-05,-0.0009155238512903452,0.0,-1.007878303527832,0.0,0.44254177808761597,0.3249668478965759,0.07878787815570831,-0.10333333164453506,0.12090909481048584,39.98,12.88
18,2021-02-02,15:51:51,1612281111.5,4646,60.8216667175293,0.0724184587597847,0.00015127792721614242,-0.00091552734375,0.0,-1.0083298683166504,0.0,-0.6762436032295227,1.0708237886428833,0.07606060802936554,-0.10090909153223038,0.11727272719144821,39.96,12.88
18,2021-02-02,15:51:52,1612281112.5,4646,61.05107879638672,0.06378575414419174,0.00015541710308752954,-0.00091552734375,0.0,-1.008096694946289,0.0,-0.6762436032295227,0.3249668478965759,0.07636363804340363,-0.09969697147607803,0.12121212482452393,39.96,12.88
18,2021-02-02,15:51:53,1612281113.5,4646,61.33567428588867,0.07674766331911087,0.00025337771512567997,-0.00091552734375,0.0,-1.0078129768371582,0.0,0.44254177808761597,0.6978952884674072,0.0790909081697464,-0.10272727161645889,0.12090909481048584,39.96,12.88
18,2021-02-02,15:51:54,1612281114.5,4646,61.479591369628906,0.0691436231136322,0.0002836081257555634,-0.00091552734375,0.0,-1.007612943649292,0.0,-0.6762436032295227,-0.7938048839569092,0.07787878811359406,-0.10121212154626846,0.12212121486663818,39.96,12.88
18,2021-02-02,15:51:55,1612281115.5,4646,61.74085998535156,0.02717355638742447,0.0002244163624709472,-0.00091552734375,0.0,-1.0079922676086426,0.0,0.44254177808761597,0.3249668478965759,0.07787878811359406,-0.10303030163049698,0.12090909481048584,39.94,12.88
18,2021-02-02,15:51:56,1612281116.5,4646,62.02570724487305,-0.016788456588983536,0.00023229858197737485,-0.00091552734375,0.0,-1.0079419612884521,0.0,-1.0491584539413452,0.3249668478965759,0.07757575809955597,-0.10181818157434464,0.12363636493682861,39.94,12.88
18,2021-02-02,15:51:57,1612281117.5,4646,62.29336166381836,-0.06950073689222336,1.7641215890762396e-05,-0.00091552734375,0.0,-1.0071524381637573,0.0,0.44254177808761597,0.3249668478965759,0.07727272808551788,-0.10181818157434464,0.12303030490875244,39.93,12.88
18,2021-02-02,15:51:58,1612281118.5,4646,62.4456672668457,-0.046892229467630386,-5.371891529648565e-05,-0.0009155272273346782,0.0,-1.0079959630966187,0.0,0.44254177808761597,-0.7938048839569092,0.0769696980714798,-0.1024242416024208,0.12151515483856201,39.93,12.92
18,2021-02-02,15:51:59,1612281119.5,4646,62.64301300048828,-0.03803084045648575,-2.2353440726874396e-05,-0.00091552734375,0.0,-1.007423996925354,0.0,-0.303315132856369,0.6978952884674072,0.07757575809955597,-0.10272727161645889,0.12030303478240967,39.95,12.92
18,2021-02-02,15:52:00,1612281120.5,4646,62.89180374145508,-0.12676672637462616,-0.00027830456383526325,-0.00091552734375,0.0,-1.007340908050537,0.0,-0.303315132856369,-0.4208764135837555,0.07727272808551788,-0.1003030315041542,0.12151515483856201,39.95,12.92
18,2021-02-02,15:52:01,1612281121.5,4646,63.08940124511719,-0.1412304788827896,-0.0004930684808641672,-0.00091552734375,0.0,-1.0074663162231445,0.0,-0.6762436032295227,0.3249668478965759,0.07757575809955597,-0.10090909153223038,0.12121212482452393,39.95,12.92
